20 4
33 22 22 37 30 25 24 36 38 31 38 21 22 26 29 36 40 40 25 37
43 47 44 48
181
6 15
11 7
12 11
8 2
17 2
1 6
7 10
2 14
19 2
2 9
17 16
19 9
13 17
17 1
15 17
1 11
11 19
12 18
16 10
7 8
18 8
6 20
15 16
18 10
14 6
5 12
12 1
1 2
19 12
20 9
20 8
20 6
6 16
1 15
1 15
12 3
20 11
13 16
5 19
8 6
10 17
19 20
8 9
9 3
17 6
9 12
18 3
12 16
17 14
15 2
9 3
11 2
15 19
20 3
15 8
8 9
11 3
6 18
5 3
2 18
13 11
16 9
16 19
19 10
1 9
19 2
9 14
8 19
10 6
11 16
16 14
9 5
20 16
6 12
8 2
20 7
16 2
3 15
9 7
10 13
5 20
12 11
11 3
2 9
6 5
7 8
20 2
10 1
15 8
19 12
11 5
3 4
9 1
6 1
13 9
20 7
12 2
8 3
17 1
9 10
11 15
20 12
11 14
6 15
19 14
12 1
19 17
19 20
6 9
2 7
10 20
3 7
14 12
16 9
11 4
9 6
11 1
8 6
2 1
6 2
10 2
10 12
8 11
17 16
11 15
8 14
1 7
6 2
10 9
17 2
20 1
19 8
19 3
11 6
16 15
7 16
12 10
7 15
9 12
2 11
2 15
17 5
2 20
8 17
3 14
12 15
16 18
10 19
19 18
19 15
8 12
15 20
16 5
11 6
2 5
4 9
4 2
7 14
7 2
16 2
10 1
3 1
16 6
3 16
6 3
16 11
5 8
3 17
16 19
8 13
17 20
8 20
12 2
14 20
5 7
3 1
8 10
6 13
1 19
20 15
9 15