20
26 29 20 34 34 36 26 36 23 21 26 34 33 21 26 23 21 35 28 28
4
42 28 45 45
147
11 8
4 14
3 14
1 9
6 12
16 3
0 19
17 15
9 4
5 0
1 7
2 1
15 7
9 13
17 10
15 4
4 0
14 8
0 8
9 16
6 2
3 13
1 5
10 2
18 4
7 12
4 13
10 15
18 2
8 10
9 11
13 18
6 13
5 3
13 8
18 0
11 18
17 1
7 16
2 0
12 18
13 10
14 18
1 8
10 11
12 17
18 9
19 10
15 3
4 12
15 19
3 8
5 10
3 6
12 8
16 5
6 17
12 3
4 2
6 11
2 3
14 7
6 1
18 15
5 8
9 10
16 6
2 17
16 17
9 19
3 11
11 2
5 11
9 3
7 9
12 10
13 17
3 7
4 1
0 12
5 9
5 2
13 5
12 13
15 5
14 19
8 18
8 4
7 19
12 15
11 7
13 7
4 7
19 17
19 5
16 12
15 2
18 16
6 19
4 16
18 3
5 6
17 0
7 17
4 6
19 3
17 11
8 6
7 2
8 7
1 18
3 0
8 16
9 14
12 9
10 4
2 12
3 10
8 19
4 5
19 13
0 9
19 2
2 14
6 18
19 18
17 18
17 5
19 4
17 14
5 14
16 19
7 10
6 15
11 4
12 14
0 7
17 8
7 6
8 2
18 10
2 9
16 10
1 3
6 9
17 9
12 5