16
25 22 39 40 28 40 20 34 28 38 38 29 33 21 23 28
3
41 37 45
109
2 0
2 7
3 2
0 5
13 12
11 6
7 14
14 15
3 4
5 12
2 11
4 12
3 13
6 0
2 15
12 6
10 3
12 14
15 3
8 1
9 2
10 13
5 9
3 0
6 15
11 5
15 13
0 14
6 2
4 6
6 5
11 1
13 2
5 8
2 12
15 11
11 9
8 13
9 7
15 4
3 8
8 7
11 10
10 5
0 1
10 15
15 7
0 11
14 9
0 13
14 8
1 10
15 5
15 1
7 12
7 11
0 9
9 13
11 3
8 0
4 0
1 9
14 11
12 1
4 7
8 15
3 12
4 13
6 14
3 1
12 0
5 7
2 10
1 5
12 15
1 4
13 14
7 0
1 6
14 2
8 10
6 9
4 2
14 10
13 1
1 2
5 4
14 3
9 8
14 5
7 10
9 3
2 8
3 6
4 9
12 8
13 5
8 6
10 0
12 11
7 13
7 6
10 4
13 11
6 10
5 3
14 4
9 15
7 1