60
31 21 23 23 25 24 25 29 26 30 31 39 33 32 35 23 21 22 34 37 30 32 31 27 24 40 38 26 29 31 20 40 27 24 20 31 39 33 29 36 23 31 30 24 24 40 37 26 24 20 34 26 20 38 32 22 25 26 24 32
12
36 25 37 37 38 23 32 25 39 47 35 40
437
43 31
45 55
19 53
44 8
18 25
12 59
41 55
19 9
39 34
26 43
53 12
35 38
32 25
34 48
42 55
44 11
44 46
5 12
19 35
36 44
35 25
19 39
43 35
19 21
46 43
14 12
19 29
42 39
38 34
25 27
9 55
45 25
44 7
4 19
39 52
19 12
13 35
25 5
25 59
15 43
39 49
8 19
2 39
41 19
7 35
34 51
35 22
19 43
29 44
37 34
39 23
57 35
12 9
35 44
44 19
3 34
47 44
39 51
25 29
11 12
32 34
18 55
16 25
12 30
19 35
27 34
12 31
39 60
60 12
44 25
34 5
34 49
56 55
43 44
19 31
31 44
3 12
33 25
28 35
50 19
25 10
51 35
35 43
1 39
26 12
2 34
17 55
29 39
49 25
36 19
14 35
59 43
19 27
22 19
14 39
15 12
2 25
55 27
44 23
24 43
12 6
43 38
41 35
35 42
34 24
52 25
43 5
50 12
39 12
34 55
25 54
57 44
55 22
12 18
19 29
23 25
43 60
25 21
55 48
43 44
41 34
9 34
12 48
34 39
19 15
34 59
34 12
29 35
12 34
46 19
39 20
35 55
39 35
35 34
30 19
39 10
35 9
9 44
23 55
43 12
23 12
25 39
34 54
19 24
44 41
49 43
24 12
39 13
41 12
47 39
39 56
25 24
44 34
4 44
35 25
5 44
44 15
43 9
12 25
44 60
39 7
10 12
34 45
29 25
22 44
39 6
28 19
52 55
33 34
47 19
31 39
44 18
12 1
12 55
39 29
53 43
39 4
12 2
12 55
5 55
12 42
5 39
58 35
58 55
1 34
44 52
39 41
35 8
44 19
12 51
6 44
39 48
19 57
2 55
25 42
55 37
58 44
35 54
43 18
37 35
3 35
59 19
34 22
45 19
44 50
13 12
39 12
37 19
34 47
35 60
34 17
46 35
12 35
19 32
19 16
25 48
25 34
43 22
52 43
46 34
34 11
53 34
17 44
16 12
46 55
44 27
34 6
2 19
43 45
30 35
3 39
26 39
12 38
49 19
37 39
35 16
19 20
10 19
19 18
43 3
52 35
55 7
35 21
33 43
24 35
25 17
49 12
59 39
53 25
25 7
26 55
39 50
14 19
19 5
39 18
43 11
39 30
19 42
19 52
2 35
12 25
52 34
39 21
43 16
44 32
12 44
43 25
17 39
44 42
55 8
32 55
14 43
44 55
51 43
38 44
34 60
55 15
43 50
13 43
48 43
26 19
57 43
34 31
19 54
34 58
44 30
46 39
44 10
25 31
24 55
6 43
19 39
29 55
35 55
49 35
28 34
39 43
19 7
11 35
17 12
44 53
35 44
2 43
25 14
55 29
55 54
12 8
44 49
55 21
58 19
44 51
55 34
39 43
4 12
54 39
55 59
43 58
28 55
43 27
55 49
47 43
10 35
55 10
13 34
15 39
39 9
57 34
28 39
36 25
21 44
25 41
40 34
50 25
33 12
34 35
43 7
43 1
15 34
4 55
9 25
57 55
35 47
39 22
53 39
55 50
25 58
34 25
17 19
19 43
32 43
25 30
55 31
47 55
46 25
13 44
55 39
35 32
19 40
12 28
15 35
44 28
26 25
43 17
44 2
12 20
48 44
39 11
27 12
56 12
44 54
55 44
19 56
43 41
39 55
25 37
47 25
19 23
39 32
25 40
34 19
12 52
35 48
33 55
25 43
25 4
55 53
58 39
27 39
39 25
7 34
35 39
48 19
55 16
35 27
34 50
18 34
16 34
54 43
3 44
14 44
43 12
55 43
25 15
55 14
35 33
43 37
5 35
35 23
12 58
29 12
33 19
12 21
12 29
25 28
34 14
22 25
44 37
30 55
19 34
36 39
55 43
43 28
44 59
39 38
59 35
1 44
8 25
6 35
18 35
57 39
25 57
1 35
12 32
39 8
19 12
35 4
36 55