200 20
36 36 29 39 39 22 30 37 37 26 36 35 35 39 37 24 34 36 39 33 37 32 33 33 37 38 29 40 21 32 39 29 28 29 23 35 29 39 20 24 27 23 20 36 20 24 38 34 37 33 20 30 36 29 28 36 27 29 39 26 27 28 39 28 27 38 21 29 38 34 23 32 28 31 28 34 26 26 34 33 35 25 25 26 36 36 39 35 33 33 38 22 21 29 26 32 27 35 20 21 40 28 35 20 32 28 39 36 29 40 23 35 21 33 40 39 33 21 22 32 31 36 23 27 24 37 38 29 28 32 21 23 31 28 34 25 37 27 35 26 37 37 29 21 31 31 35 36 32 38 23 25 30 32 30 23 29 40 36 20 20 22 39 36 34 28 23 24 22 26 31 34 20 36 27 22 39 21 39 33 32 34 36 20 39 25 39 34 33 24 40 29 40 28 28 40 39 29 38 40
46 45 23 31 20 28 43 33 21 36 48 30 25 45 22 33 32 24 48 49
4046
8 173
177 90
4 192
59 34
170 177
67 173
96 196
16 175
16 130
41 80
171 123
105 14
176 63
81 165
34 195
79 127
37 58
109 157
109 173
15 154
109 132
25 192
166 82
163 88
167 23
137 177
64 14
192 92
152 177
30 16
120 121
32 173
74 15
14 170
6 88
10 23
176 68
192 123
41 185
150 165
166 109
43 15
5 176
192 102
39 186
79 144
171 56
70 171
71 16
41 136
4 88
28 176
121 43
119 165
94 196
177 81
114 177
14 33
128 176
79 198
116 39
29 187
41 29
168 134
79 176
14 113
119 29
88 15
39 32
37 66
39 149
192 132
50 196
11 79
196 82
173 78
26 116
16 80
108 29
14 90
116 71
155 109
28 79
152 82
73 192
144 176
21 196
200 171
6 41
94 121
48 23
165 132
135 109
134 131
37 19
77 23
15 146
54 14
36 176
184 134
79 109
37 153
34 197
121 132
15 145
183 82
171 149
133 173
134 54
134 32
138 177
150 177
117 88
176 177
165 177
119 15
41 86
196 149
37 46
57 121
125 109
116 128
109 56
101 15
39 150
88 136
119 23
166 14
60 121
171 147
180 15
109 84
173 126
58 192
37 200
16 25
177 100
165 199
166 79
95 79
37 106
173 189
16 159
28 14
16 43
189 82
142 116
88 97
82 64
54 88
173 43
165 141
55 177
134 19
134 109
41 23
192 147
92 116
181 196
82 79
37 194
69 171
61 29
13 196
109 114
116 158
41 170
86 15
37 64
112 29
105 121
135 88
28 34
79 56
172 23
9 176
16 36
16 116
41 44
29 124
145 82
41 129
84 79
34 154
23 82
188 41
65 23
159 37
103 29
135 134
29 136
116 144
22 82
29 180
176 139
121 66
173 1
43 14
88 107
131 88
22 134
21 14
140 37
19 29
173 115
156 82
41 18
109 165
109 134
39 34
34 97
177 143
127 121
109 144
88 103
23 110
134 92
162 79
37 189
171 91
88 196
171 135
39 25
65 14
104 192
166 176
137 14
144 121
72 165
34 93
116 159
109 190
165 134
29 190
141 134
15 183
161 37
34 22
196 6
177 159
39 85
82 71
23 146
34 83
165 128
134 14
19 88
163 196
184 37
6 121
173 31
60 134
65 109
109 39
114 39
163 34
1 88
176 109
44 173
37 1
65 134
152 134
173 55
173 79
134 117
66 79
95 196
54 16
74 34
72 177
148 41
77 109
80 109
157 23
3 121
82 184
173 168
153 16
116 42
121 8
111 165
82 193
53 14
88 165
160 14
92 176
116 37
176 120
34 16
103 15
121 186
148 34
129 14
171 129
23 198
82 41
37 79
14 110
10 176
85 134
90 41
171 108
192 31
35 14
5 171
109 41
163 173
16 121
180 192
133 109
139 121
71 173
192 108
75 121
106 88
20 134
196 16
31 116
158 134
15 65
82 31
177 104
128 34
39 152
45 192
92 177
177 67
109 37
196 8
88 179
43 88
79 114
39 95
87 15
134 23
197 15
32 29
188 171
23 105
99 14
16 190
16 52
16 156
109 62
76 116
195 165
118 177
111 16
14 25
121 46
109 180
42 41
99 176
123 121
192 122
121 56
2 23
145 176
173 130
121 191
54 29
173 36
165 103
111 34
24 177
181 134
147 121
82 88
29 181
171 185
16 32
132 196
37 78
195 14
37 69
79 93
114 196
29 132
100 34
134 16
177 135
29 41
14 106
26 176
171 112
1 165
125 177
37 26
192 153
121 174
74 82
95 37
14 72
89 37
88 14
23 34
180 34
88 47
165 160
83 171
169 23
186 23
134 99
123 14
196 143
171 29
106 173
81 173
14 111
29 107
14 156
32 37
116 173
116 149
109 28
98 34
15 5
176 61
114 29
171 196
82 191
63 171
165 56
34 86
18 116
112 177
88 95
152 37
20 37
116 169
36 82
186 134
185 134
88 63
79 41
8 176
161 109
15 185
101 173
37 88
81 196
50 176
121 126
149 82
121 74
195 109
57 88
86 192
192 38
34 13
34 81
41 28
134 144
196 70
171 182
142 196
82 121
162 192
106 165
88 9
34 37
67 192
171 29
34 110
111 109
14 75
106 196
171 194
142 79
112 109
37 50
41 197
35 176
53 37
173 88
8 41
37 8
135 192
116 130
126 39
78 39
50 34
165 54
115 37
165 84
16 189
79 169
34 190
38 34
121 175
173 65
65 34
9 121
68 173
41 5
116 172
121 156
134 73
15 139
165 143
27 109
54 116
2 109
41 92
176 148
159 15
29 4
137 39
176 192
79 190
23 19
39 57
16 112
145 171
77 39
116 8
143 82
118 14
100 29
60 109
120 134
165 29
145 34
130 176
2 14
68 34
15 28
41 138
196 127
22 177
109 138
184 116
165 48
121 180
39 116
23 29
177 194
12 39
55 41
79 181
87 14
169 171
171 115
192 173
44 196
175 196
115 192
62 173
115 29
39 196
109 38
176 147
133 34
140 109
39 129
39 164
79 145
34 184
184 177
37 14
29 141
23 96
23 15
131 16
158 41
15 157
121 187
67 16
188 121
197 176
15 18
39 133
151 82
176 131
165 7
127 41
23 107
179 82
16 46
34 88
79 160
45 15
12 82
19 82
134 33
39 53
14 40
29 137
34 87
23 3
5 23
14 81
103 134
176 78
5 37
124 121
82 93
170 15
196 131
112 34
23 21
165 110
3 116
116 114
41 58
29 87
11 82
46 34
121 81
16 135
156 173
11 41
74 192
82 90
39 59
88 127
71 171
160 41
192 46
34 3
6 177
15 2
93 15
126 196
71 134
152 41
200 116
171 37
129 88
39 141
121 151
82 135
79 88
177 80
196 118
34 94
16 58
23 69
23 71
82 141
109 113
109 88
157 39
116 85
116 23
165 162
29 152
126 29
181 88
23 8
88 138
165 144
163 41
81 171
14 10
192 96
39 123
177 14
154 134
196 120
132 37
121 196
112 196
109 66
3 14
16 4
121 131
176 90
171 97
101 88
109 150
63 134
88 83
124 34
63 79
16 17
162 15
153 176
116 55
152 196
103 23
164 79
82 87
88 118
88 111
16 170
34 173
192 139
14 39
14 158
83 41
177 33
34 14
14 66
16 129
34 84
170 176
39 108
37 197
82 128
82 130
116 36
196 78
173 127
14 57
93 121
102 109
105 41
23 166
196 186
86 82
16 37
82 77
168 82
23 39
149 23
177 132
82 185
124 116
192 165
121 162
174 39
150 82
165 69
121 78
14 97
133 176
16 167
109 4
129 121
103 192
192 125
39 198
176 73
23 183
23 7
116 119
199 37
99 15
61 109
52 121
173 52
97 192
107 176
121 134
41 120
37 100
109 169
108 134
196 113
43 192
26 171
173 79
177 105
88 186
134 67
36 165
6 134
16 191
89 109
34 56
58 29
60 34
13 109
41 135
108 41
196 47
20 165
153 109
109 196
16 23
111 82
196 33
37 79
34 45
66 134
177 63
137 79
82 37
79 17
192 90
116 170
192 152
82 32
163 29
50 171
120 16
69 121
177 124
192 93
14 67
23 88
129 23
143 16
190 121
107 192
116 33
37 93
41 66
34 199
173 90
41 184
20 177
79 60
79 5
196 53
41 200
165 176
5 134
79 91
164 82
144 171
198 109
192 39
63 165
192 56
23 197
14 76
139 16
173 134
171 77
79 13
103 16
138 34
4 165
79 16
176 134
151 37
41 36
196 45
186 15
177 8
16 115
79 171
55 29
144 15
176 39
138 196
79 64
82 198
82 171
121 68
134 47
177 50
165 136
37 112
23 142
140 196
79 134
128 171
38 116
176 64
58 79
116 79
116 194
114 121
165 196
15 36
18 173
16 179
192 10
98 15
76 88
121 54
109 14
196 59
38 37
41 176
16 122
95 41
148 121
82 53
136 176
194 14
189 196
198 121
15 66
123 23
170 82
39 192
50 39
121 116
37 23
128 23
148 15
173 176
135 29
45 134
41 173
116 86
116 192
171 39
86 177
10 177
15 122
137 88
68 165
6 109
33 165
177 95
116 10
55 88
34 170
196 107
25 37
59 134
31 29
61 173
176 196
125 176
84 173
177 169
148 39
34 102
165 27
140 14
109 123
23 139
58 88
196 151
75 79
34 39
109 88
132 176
109 143
74 37
95 23
181 121
39 14
199 176
109 73
190 192
107 82
197 88
37 13
121 137
34 77
165 25
82 158
15 39
39 15
29 191
171 23
198 116
179 121
26 196
109 131
23 38
29 160
109 95
119 192
31 79
192 16
79 55
139 109
11 192
42 14
15 4
3 173
160 134
95 165
173 73
200 177
165 5
44 39
121 64
192 183
29 143
125 39
136 16
80 176
37 176
103 82
171 14
173 51
196 14
21 88
39 162
82 199
196 162
179 109
173 141
197 173
95 82
22 165
69 196
96 173
74 39
88 94
79 67
182 14
188 79
2 171
109 172
18 171
79 153
195 177
144 173
88 39
23 190
165 102
17 192
69 177
187 192
30 23
59 173
159 82
135 176
29 8
109 7
16 91
141 109
14 56
82 60
105 16
53 79
146 165
192 169
121 86
179 41
73 34
41 189
2 79
88 72
70 176
165 145
115 134
101 79
176 163
116 175
186 41
31 109
120 37
196 165
23 180
109 11
176 32
196 87
82 57
165 41
62 165
14 26
16 165
176 76
37 87
133 196
82 99
15 14
113 23
176 129
148 116
192 120
192 181
134 78
14 20
154 165
105 196
147 109
177 189
29 65
88 173
116 1
47 16
69 82
151 29
23 111
15 115
79 52
176 84
23 87
29 56
171 64
192 21
15 120
121 161
200 192
153 134
125 34
37 101
122 14
132 82
53 41
29 168
167 79
194 39
42 109
148 16
170 109
29 176
171 88
82 91
99 109
101 176
82 118
168 16
74 88
134 196
88 90
121 92
79 73
19 16
195 196
88 48
141 116
81 82
16 87
12 15
177 167
147 177
116 20
15 141
5 116
27 121
79 71
152 88
43 165
112 121
175 165
130 192
105 165
14 179
17 14
153 39
125 79
4 171
29 50
177 197
106 171
121 55
84 37
37 180
171 53
116 108
23 14
15 94
16 188
23 6
192 41
116 191
25 23
192 48
29 84
121 194
109 118
14 132
173 75
133 134
149 88
171 92
161 176
37 170
73 14
41 182
129 192
192 196
37 39
109 82
169 88
50 192
82 153
22 41
134 170
146 79
10 134
69 14
181 116
39 182
23 185
55 109
34 25
29 37
115 14
31 23
194 29
192 78
34 140
36 121
121 26
101 171
177 96
105 116
140 171
14 52
16 200
3 177
74 14
127 134
176 34
84 39
23 72
173 53
173 125
165 23
177 164
114 192
14 49
49 192
82 109
124 173
94 116
165 114
165 26
37 65
123 176
196 137
109 200
171 165
165 126
16 93
176 115
182 192
23 27
163 82
75 29
39 103
171 109
79 87
173 29
124 196
112 39
192 127
32 165
162 173
177 79
152 16
76 109
192 19
121 196
52 177
198 177
166 16
167 37
185 14
23 14
171 94
23 165
173 20
59 79
29 66
171 165
37 196
165 39
82 190
116 100
23 61
20 23
87 88
174 116
70 121
116 77
200 176
179 29
57 173
88 79
180 134
4 176
41 89
177 188
85 16
39 1
116 122
192 124
48 39
16 2
51 109
88 122
113 39
150 88
79 83
109 110
121 177
23 56
116 62
71 41
116 196
62 79
163 37
15 200
134 194
117 116
149 109
23 98
165 94
176 159
29 44
171 73
61 82
29 177
16 185
37 177
171 19
97 177
192 94
26 29
121 39
14 116
163 79
183 173
15 153
116 13
41 43
41 145
132 23
192 41
151 192
39 196
198 34
116 61
55 14
173 191
72 79
157 82
39 151
37 44
14 37
88 119
39 135
23 181
6 37
82 160
196 60
21 41
183 177
39 97
161 41
80 23
41 157
23 134
89 192
116 48
23 85
173 198
116 115
185 176
164 121
74 134
154 171
57 23
15 41
103 171
176 156
14 32
163 39
153 29
132 15
41 88
196 199
79 61
121 113
48 171
34 136
121 145
121 118
85 109
75 165
180 116
16 114
93 173
78 82
165 41
116 46
41 45
109 185
109 192
22 171
23 9
146 29
111 171
129 196
16 144
78 177
147 14
109 5
16 173
39 190
173 99
14 161
196 36
151 171
196 46
23 127
82 89
17 176
17 23
16 41
73 23
23 176
29 67
29 79
23 86
165 116
186 79
116 70
116 66
88 23
82 5
34 15
101 177
18 177
113 29
200 165
162 176
116 127
47 171
165 90
171 183
34 200
26 41
41 46
82 100
146 109
177 146
196 64
131 41
173 113
160 16
165 96
94 39
123 37
177 70
90 29
100 192
116 146
173 194
10 88
175 15
116 157
82 52
116 134
177 158
82 96
88 28
46 23
19 176
34 55
16 109
155 79
14 79
88 132
121 166
34 20
195 39
34 27
177 41
65 177
134 140
109 25
177 103
121 163
48 173
37 135
192 110
149 192
165 179
165 98
41 171
34 164
142 173
15 82
99 41
192 75
109 71
11 177
61 37
5 173
122 41
14 88
15 61
37 103
37 72
88 155
123 34
29 92
82 195
34 16
79 23
63 15
53 176
176 72
165 9
175 88
14 112
23 192
185 79
16 62
121 192
124 109
129 109
66 192
64 165
176 169
125 41
50 165
97 16
41 20
152 121
82 173
165 73
171 7
176 134
64 134
58 173
62 171
15 91
33 109
140 176
34 166
192 8
134 70
23 100
79 131
192 64
196 79
171 34
177 126
116 112
192 144
73 82
81 79
109 196
34 21
147 34
184 196
79 199
54 41
13 173
23 99
48 79
171 76
121 171
168 79
15 138
88 68
171 59
82 131
109 23
196 188
95 14
121 146
46 15
23 138
129 116
130 171
55 192
187 176
41 178
34 156
16 104
196 58
39 99
152 116
15 123
79 1
75 88
121 53
176 93
92 15
14 199
39 26
76 192
34 151
41 84
109 16
134 113
168 176
127 14
116 109
72 109
34 179
41 72
171 84
116 60
15 127
57 79
65 39
109 29
94 23
141 171
171 168
116 154
79 175
58 176
55 82
184 176
39 128
112 79
181 109
12 196
14 77
176 56
165 133
41 50
15 150
27 192
10 16
109 148
134 21
82 66
134 123
124 37
14 51
77 134
176 190
34 5
192 121
14 27
37 48
171 13
176 34
39 139
34 150
82 136
159 173
18 196
6 192
14 98
36 14
36 171
192 3
22 176
14 187
82 14
88 96
165 186
88 92
6 165
16 142
62 82
170 173
16 141
12 37
41 190
199 116
16 157
171 162
176 39
150 41
105 79
162 29
16 102
46 165
192 63
29 164
171 170
109 79
23 188
41 116
177 123
129 134
50 23
175 134
192 136
173 169
16 68
78 88
14 138
173 83
81 16
187 79
109 41
176 7
173 19
16 184
158 121
165 194
183 121
39 122
159 79
116 19
80 171
88 108
60 14
1 29
130 29
187 173
109 86
173 82
90 39
181 171
116 82
37 91
15 51
176 157
10 171
171 100
41 169
171 153
177 5
155 121
177 117
198 14
165 163
176 65
37 68
106 109
85 29
14 149
29 30
103 173
39 83
142 29
36 23
9 29
153 165
14 109
140 39
3 171
121 20
121 199
11 176
29 15
183 176
188 176
165 44
34 175
177 149
16 69
116 137
44 79
43 176
142 121
168 39
134 25
82 51
41 82
16 163
142 14
15 133
71 176
29 17
98 109
75 41
77 177
134 9
85 176
55 165
39 52
39 136
16 173
192 131
101 109
183 88
184 88
101 41
174 14
181 15
44 109
192 116
60 177
170 29
88 114
10 121
17 116
162 14
192 61
116 34
79 152
184 121
34 194
153 116
97 121
192 30
18 82
51 34
34 9
196 164
135 15
29 192
102 196
39 68
121 138
37 71
61 177
23 63
54 23
196 54
51 134
169 15
165 188
181 14
29 88
82 196
149 41
62 23
171 186
109 74
173 116
165 14
16 42
69 109
44 171
106 192
38 16
79 107
118 16
157 165
109 45
173 160
88 44
171 174
9 192
115 165
157 79
82 49
49 177
121 116
177 44
79 119
54 39
166 196
109 93
88 159
88 84
15 50
37 114
159 39
88 116
109 191
107 14
15 97
106 29
163 15
134 8
49 173
173 157
29 128
16 77
93 196
196 171
14 175
123 165
14 86
112 88
117 23
58 165
79 12
3 16
199 16
43 37
23 143
192 15
26 192
148 177
67 109
173 14
177 82
71 34
32 79
85 15
29 18
19 109
116 72
192 199
27 88
116 52
196 61
116 80
192 24
171 41
132 41
121 170
121 168
2 34
79 99
171 143
98 196
196 27
40 34
29 77
134 199
37 198
58 39
188 29
118 79
179 39
134 177
171 158
116 47
192 161
177 31
40 171
146 192
171 192
23 109
37 59
177 1
37 10
67 116
173 139
33 79
196 161
129 177
15 69
196 116
171 122
16 147
120 82
7 177
55 134
167 29
171 51
82 144
165 12
171 172
23 26
156 15
16 145
16 158
139 196
16 172
165 37
130 88
171 90
160 34
16 12
2 196
177 191
37 126
23 133
15 165
29 140
41 49
37 134
153 23
150 14
173 89
180 196
134 82
174 34
39 185
109 36
91 39
150 116
62 39
131 29
177 57
106 16
173 87
155 34
155 165
177 199
116 109
134 97
132 173
38 29
91 88
23 170
116 123
36 37
177 193
192 7
173 135
88 146
195 16
39 169
176 121
45 176
34 127
192 133
100 134
88 37
121 173
29 120
37 121
192 113
162 23
121 128
109 54
136 109
34 159
41 180
18 79
9 177
39 4
189 39
171 139
20 88
41 27
161 39
121 11
66 23
163 23
39 36
138 29
23 173
165 86
84 23
12 109
147 37
124 82
94 29
47 165
41 96
111 134
52 109
64 23
173 9
137 176
171 124
116 7
34 58
172 192
23 152
39 170
22 116
134 96
105 192
88 18
16 84
14 41
57 34
82 200
31 34
16 78
170 79
155 196
146 41
119 196
48 34
104 82
156 196
79 148
183 41
96 34
72 192
108 15
45 173
116 140
37 82
192 109
104 165
18 39
148 88
121 135
171 167
113 177
134 86
173 39
14 108
173 192
29 133
175 177
138 134
23 161
177 160
18 176
23 93
138 37
143 79
53 15
173 38
14 125
13 41
141 121
130 165
172 176
74 176
15 194
165 142
181 41
77 121
119 173
138 171
162 134
196 187
173 46
15 147
121 2
15 166
196 147
15 68
79 45
191 134
174 82
82 125
16 150
29 48
121 76
129 82
15 84
171 20
137 109
192 191
23 195
177 130
135 23
187 37
39 155
77 88
31 88
38 176
177 127
163 134
88 41
27 16
37 21
73 37
171 98
74 79
29 11
116 106
114 41
176 192
1 15
110 177
69 134
29 63
126 171
167 15
177 187
16 171
34 169
136 14
173 161
140 79
8 14
116 43
171 87
101 196
176 121
115 121
18 14
43 39
146 16
88 147
56 196
15 23
175 37
140 16
57 15
15 56
175 192
29 95
137 41
41 14
116 97
15 158
48 16
176 2
127 39
179 134
16 198
112 173
28 37
134 150
41 187
109 43
37 141
124 134
38 79
109 189
15 129
41 167
75 16
106 41
183 37
15 177
70 39
12 121
126 109
173 121
29 139
182 196
133 171
14 144
34 114
41 173
14 148
79 116
1 14
106 79
86 39
192 80
82 34
15 104
52 41
149 16
62 196
34 88
176 88
90 116
182 134
176 42
85 34
116 74
154 39
14 78
82 84
177 120
173 146
104 29
56 41
33 41
16 124
171 42
134 49
121 34
165 158
121 130
119 82
176 88
151 23
173 179
25 29
8 79
88 171
164 23
176 82
91 177
165 182
39 63
62 134
37 62
140 177
79 3
88 8
101 192
88 69
39 88
196 90
149 121
19 177
190 171
82 188
97 23
61 121
16 66
177 98
34 72
37 155
100 121
123 79
41 4
78 171
102 82
41 141
108 121
13 165
109 175
29 13
47 14
88 162
116 16
126 41
14 117
82 138
192 150
93 39
76 177
76 173
116 125
113 34
29 64
121 18
19 165
23 82
190 116
167 121
29 105
176 27
79 120
148 82
37 192
191 14
109 142
191 34
35 121
196 88
176 165
165 184
94 177
192 35
58 134
62 41
183 196
79 200
41 39
121 49
79 70
184 29
105 39
176 124
47 34
167 196
41 63
57 165
162 109
145 29
171 93
196 37
32 171
94 176
41 107
123 196
29 175
11 173
41 81
130 109
101 134
165 134
177 109
99 192
173 182
70 34
181 34
34 192
29 12
47 82
15 191
4 173
29 89
177 13
124 15
28 116
41 60
128 177
173 145
39 173
61 88
39 104
159 23
14 96
88 153
193 16
186 82
176 14
19 41
9 41
39 107
165 112
13 121
169 16
6 79
176 33
94 16
139 116
34 119
95 173
45 39
2 165
69 41
105 109
46 171
41 25
176 122
15 161
60 23
154 16
77 176
172 14
14 190
29 157
76 134
37 11
31 196
176 171
173 47
76 29
196 66
29 154
41 73
44 192
103 79
121 84
88 124
121 34
28 196
22 16
41 93
45 37
74 177
79 139
16 180
177 21
185 29
177 34
123 88
6 34
21 173
160 37
151 88
29 196
8 165
192 170
60 165
67 34
129 34
109 40
16 127
79 100
23 125
23 176
68 177
85 88
29 176
126 134
116 24
146 171
67 171
16 100
88 121
2 88
39 132
134 3
29 36
171 134
116 34
171 177
93 14
15 126
177 151
165 198
67 121
176 154
44 15
176 86
82 44
53 177
23 175
121 99
11 16
192 57
138 116
83 116
56 177
29 53
15 198
16 61
79 20
121 65
41 151
200 14
121 79
64 16
177 174
116 45
22 39
121 150
179 23
196 84
90 15
67 165
23 59
1 171
134 29
151 165
8 82
171 157
177 38
39 69
134 104
23 148
79 43
173 98
196 128
22 23
19 34
29 21
193 116
81 39
135 116
21 109
176 48
41 16
88 65
82 4
116 63
121 107
116 188
116 132
29 14
171 34
23 45
23 131
159 121
34 7
22 37
173 14
41 38
176 79
23 145
29 81
82 76
99 37
80 29
7 121
16 23
34 196
176 143
41 79
167 165
165 187
176 41
57 116
176 59
109 32
34 107
23 18
82 194
34 104
139 34
73 39
34 149
29 199
130 39
194 196
41 1
39 41
82 105
171 82
15 79
59 109
196 48
165 108
176 152
23 182
10 39
171 155
173 143
121 72
15 77
79 50
16 65
109 122
41 124
14 196
34 109
72 196
186 109
195 134
16 183
66 39
167 82
64 34
52 192
23 192
49 29
89 171
121 16
29 116
86 88
109 83
85 79
176 151
109 176
171 132
113 176
99 171
23 174
176 193
154 109
41 121
52 15
12 171
160 176
100 39
88 46
23 160
99 16
176 114
39 142
176 97
79 77
78 34
196 34
185 34
121 125
15 75
174 88
34 36
34 143
79 19
103 14
165 120
171 137
176 15
116 81
14 168
34 30
60 88
192 194
173 40
195 192
177 39
176 20
12 34
173 2
16 125
58 23
8 34
69 192
182 15
18 109
14 169
15 131
179 192
171 163
182 88
23 187
176 24
15 184
134 130
55 39
192 138
88 164
173 120
197 171
173 77
174 176
165 61
145 177
37 168
173 111
2 37
177 176
60 37
28 165
37 137
34 165
134 41
29 172
14 124
49 39
116 171
16 18
82 155
123 16
29 182
171 55
145 88
139 14
15 116
128 173
82 59
16 49
182 16
134 31
102 29
47 37
88 105
165 78
71 15
173 186
121 41
51 121
29 43
176 62
71 165
34 76
58 82
182 34
37 169
6 14
173 134
39 3
15 10
16 74
10 165
101 23
76 37
82 21
102 134
176 119
29 161
34 54
87 39
45 171
134 137
88 52
133 14
173 153
37 98
177 58
188 109
48 121
134 112
134 118
29 68
37 145
23 199
40 176
176 112
116 134
187 116
192 163
192 87
23 144
34 43
116 165
96 79
88 29
37 119
64 15
34 11
159 192
104 41
92 82
195 173
53 192
11 39
121 143
173 15
143 37
79 111
153 41
158 79
29 59
165 159
130 14
146 82
173 80
171 187
7 134
91 165
121 21
109 115
60 16
41 64
134 159
145 14
79 92
37 70
68 41
73 121
56 116
37 162
82 126
173 171
171 191
23 137
48 177
122 177
186 37
161 134
148 171
14 101
65 82
14 15
116 84
88 177
18 192
23 194
39 75
116 29
15 114
11 14
70 192
16 132
180 173
41 3
69 79
23 168
90 79
177 173
7 173
192 83
158 176
121 109
50 173
111 192
37 156
34 89
194 88
14 165
109 171
134 189
37 39
37 127
20 196
79 141
184 79
64 39
136 23
179 196
134 200
173 165
196 57
195 176
121 25
23 116
173 22
82 48
39 175
177 84
9 79
173 72
165 183
16 137
134 1
29 189
115 82
161 88
173 63
156 41
200 29
41 140
36 177
74 41
46 177
49 15
109 104
106 177
96 39
116 102
119 109
14 16
131 171
165 99
37 52
74 171
39 120
166 37
11 196
37 176
177 71
167 109
6 173
29 195
109 163
174 16
79 189
176 198
149 165
132 79
41 67
88 126
173 10
164 192
155 134
70 23
199 88
15 179
37 57
61 34
134 196
104 116
22 196
192 22
51 192
25 79
192 140
116 189
23 118
165 190
34 82
109 46
192 171
88 38
174 29
134 57
34 189
174 41
192 82
197 192
192 155
196 75
109 160
91 29
134 105
105 171
149 176
88 140
188 192
155 41
29 2
23 150
157 14
146 39
150 196
121 44
121 4
93 134
104 23
29 144
79 134
88 25
134 34
165 100
176 98
141 14
15 19
157 34
182 116
27 82
196 145
69 29
109 108
121 88
16 161
15 54
10 109
178 176
173 102
200 121
176 89
47 23
126 116
171 156
171 134
4 177
97 82
34 66
176 105
39 166
191 165
176 95
18 165
196 170
60 176
9 39
176 83
116 44
5 196
29 51
17 171
90 134
16 70
37 182
176 110
41 142
196 146
82 165
70 109
7 37
39 76
184 14
79 98
27 134
182 121
82 98
70 82
192 42
15 106
157 121
165 109
8 109
187 134
16 9
26 16
103 196
63 16
109 173
134 164
79 108
160 121
25 176
134 48
37 164
41 97
192 2
44 16
192 37
134 43
108 176
37 109
93 88
116 27
111 29
29 46
177 75
192 32
16 8
16 55
121 87
116 113
200 173
161 116
182 109
69 116
88 188
160 196
95 116
15 73
173 94
57 16
12 177
23 90
134 169
51 37
68 192
192 95
29 10
183 14
14 154
116 65
14 24
38 171
165 49
28 121
134 132
116 197
79 23
165 92
39 46
45 88
165 147
82 123
62 177
3 196
69 173
154 82
23 177
92 39
159 171
171 119
141 192
121 111
196 177
166 88
23 124
197 14
171 184
41 37
171 58
121 154
5 192
151 134
34 192
39 199
16 95
23 49
116 11
190 134
82 161
16 187
34 63
47 192
70 165
88 190
147 29
91 109
14 126
88 99
121 32
34 1
37 195
177 139
109 3
79 180
79 104
52 134
196 153
114 171
180 171
16 113
100 14
155 16
75 34
176 81
23 13
196 192
109 120
16 133
134 119
34 172
150 173
139 82
41 113
41 133
118 41
88 40
175 82
128 79
91 196
173 174
55 15
176 182
116 156
192 59
34 188
123 41
110 116
23 102
37 18
183 134
29 40
109 64
47 176
52 171
109 49
196 63
15 70
29 74
109 78
127 171
96 116
78 79
32 116
137 82
179 37
176 175
102 176
1 16
196 41
34 79
116 37
14 94
171 37
169 196
82 3
121 171
116 14
113 165
115 177
196 97
79 39
186 177
88 189
16 88
96 29
7 14
37 150
23 106
192 28
15 121
196 41
25 177
109 22
116 53
78 23
91 23
155 29
35 177
61 14
162 16
39 143
88 16
37 33
14 12
14 120
118 192
37 131
144 88
136 37
177 154
79 192
39 56
165 180
16 177
82 112
121 96
83 177
196 111
29 123
177 161
177 181
39 72
107 134
79 68
173 92
194 109
125 37
82 133
26 134
165 74
102 39
177 180
82 140
167 116
23 28
88 185
145 39
196 79
29 169
66 173
61 39
29 156
56 16
107 171
56 88
197 121
14 89
147 79
134 61
6 171
86 16
82 180
118 37
41 94
16 72
125 134
196 190
42 29
85 82
185 192
88 3
13 15
5 16
3 15
129 165
173 27
59 116
79 192
93 29
195 116
176 103
88 195
173 26
34 162
176 196
171 61
78 41
116 118
104 196
165 88
168 165
187 15
39 124
171 198
116 21
130 37
13 176
173 158
167 173
134 106
171 142
16 79
173 166
79 27
82 10
82 67
88 158
85 192
114 23
39 165
189 23
23 33
75 23
26 15
166 177
54 79
192 33
27 29
109 128
161 165
29 121
142 15
147 23
116 73
86 171
82 43
82 14
116 25
88 66
37 3
134 2
171 195
59 88
186 29
54 171
15 7
104 173
147 82
41 76
11 165
96 176
88 120
134 41
138 16
88 180
57 109
55 176
147 39
164 173
196 51
57 171
192 126
187 109
16 186
109 34
88 82
134 34
41 32
109 63
177 108
180 14
19 39
12 41
37 134
29 79
180 39
148 196
82 68
82 142
165 181
177 54
137 165
108 34
23 53
145 116
109 96
92 14
6 176
15 190
164 176
151 15
102 14
105 173
173 60
82 94
41 102
123 173
39 2
151 79
118 29
109 26
88 139
50 134
46 79
134 139
183 116
133 121
155 15
102 79
148 165
99 34
196 99
176 12
15 107
29 99
70 29
41 159
184 192
154 88
82 50
37 67
19 196
15 134
171 179
189 121
109 152
122 23
88 70
105 37
20 109
82 13
134 156
165 107
135 34
176 138
159 196
79 121
37 133
82 114
81 15
173 114
171 49
58 14
101 121
30 14
109 15
52 34
15 32
14 134
88 141
56 82
171 28
39 134
28 177
47 121
134 56
4 34
197 109
133 88
21 165
29 14
103 34
79 150
167 34
27 177
176 57
196 73
50 109
33 88
177 85
66 171
29 158
79 154
78 15
109 127
16 164
159 14
173 28
164 41
153 34
79 14
37 188
88 170
41 51
152 165
136 134
171 175
15 164
41 111
196 144
196 154
168 177
171 43
165 29
82 108
134 142
60 171
14 131
57 29
39 38
196 65
149 79
192 137
176 52
62 34
105 15
140 15
34 23
170 165
116 99
88 71
197 39
22 29
138 173
102 177
171 176
62 29
66 177
82 182
79 174
104 37
14 13
60 15
34 115
143 15
67 88
23 51
41 91
41 85
16 45
79 126
176 67
116 98
79 122
15 149
50 116
192 77
116 88
165 192
39 187
51 165
176 186
39 13
136 171
196 7
23 39
104 171
128 16
40 23
196 198
34 183
120 171
14 192
43 177
6 116
79 4
15 95
59 15
192 160
41 100
65 171
15 168
83 23
162 41
73 29
79 182
192 54
173 33
90 121
16 119
113 79
148 192
1 176
53 134
109 97
176 106
160 116
131 39
199 41
185 37
177 182
10 196
83 16
168 196
134 11
37 41
173 136
37 75
164 116
14 70
29 97
173 137
29 60
173 91
193 37
33 171
82 192
73 88
23 156
165 66
196 86
34 29
115 88
142 177
109 39
39 158
176 189
88 142
34 95
111 39
41 7
39 119
40 41
173 34
77 196
37 144
121 98
27 37
14 146
88 17
16 176
122 29
116 120
39 167
196 25
62 192
39 106
177 17
40 192
9 196
16 96
14 84
15 62
20 15
41 98
165 125
165 101
118 34
168 88
14 34
34 33
87 41
121 165
131 177
82 181
39 17
177 99
192 91
63 37
151 116
194 176
12 23
49 37
34 17
39 71
173 199
39 8
185 121
165 85
126 176
187 34
87 134
95 171
91 121
16 176
109 92
128 37
79 86
176 179
116 103
164 14
58 121
196 85
37 158
174 192
88 80
173 25
79 36
98 29
47 109
29 86
113 82
158 109
16 51
165 87
106 82
120 23
16 181
88 200
173 42
134 29
23 32
2 41
23 121
142 37
194 16
22 15
41 116
156 39
177 119
41 59
141 176
191 37
45 177
94 134
138 39
192 145
76 15
4 14
109 48
15 48
82 127
195 15
175 41
34 165
29 148
176 21
176 51
108 196
116 91
173 23
116 166
189 14
103 121
121 136
37 96
64 173
146 134
165 189
165 131
37 31
196 173
87 109
192 158
88 7
14 171
34 41
177 141
152 14
177 42
46 14
37 121
82 26
45 29
177 26
28 134
68 14
75 82
76 196
37 97
29 52
49 176
109 100
166 171
65 41
143 41
62 88
32 88
39 171
113 37
47 15
59 165
109 103
139 37
113 88
75 116
109 121
29 150
162 82
23 44
176 14
177 47
58 15
38 82
37 146
169 82
109 81
39 188
88 104
88 49
116 168
196 68
85 171
165 45
118 173
115 41
159 29
29 125
88 5
23 171
128 41
149 29
29 109
23 154
109 75
190 177
29 198
16 21
79 195
192 60
187 88
184 39
14 48
163 14
39 181
131 173
41 10
191 39
200 39
41 23
191 88
5 29
176 181
23 35
134 145
15 188
34 122
116 49
142 192
79 39
173 29
139 165
173 155
165 121
37 111
16 107
11 23
39 115
161 171
60 39
193 14
29 34
173 176
29 197
109 1
165 37
14 85
185 196
173 188
92 37
176 191
160 39
16 76
191 41
114 14
52 165
35 116
37 90
173 184
157 37
116 68
34 26
71 192
178 88
88 11
29 47
196 15
147 173
166 192
144 41
115 79
79 47
176 167
134 46
149 134
176 15
126 16
37 102
176 155
173 165
58 116
177 32
34 10
23 130
41 154
164 165
192 20
72 134
41 198
130 79
5 39
79 183
155 14
168 192
49 196
142 176
39 98
83 82
34 152
12 116
34 90
116 171
23 126
79 49
80 79
134 114
116 176
164 171
194 79
90 16
140 165
50 88
29 37
155 23
82 197
121 82
41 130
31 171
16 192
121 102
29 183
9 109
9 14
92 34
74 173
112 23
94 79
175 173
79 161
89 16
16 50
79 179
9 37
34 80
184 23
75 171
53 16
192 156
16 98
136 79
14 16
25 82
37 15
27 39
88 100
196 100
176 31
191 79
91 14
45 82
177 172
39 80
15 67
121 95
88 51
116 186
176 82
23 89
112 192
21 39
165 156
46 82
109 90
34 158
156 88
196 136
37 81
53 109
41 31
192 29
109 199
108 23
116 78
78 29
130 196
176 44
143 14
33 121
192 186
29 71
128 15
53 88
69 34
22 79
95 134
88 102
127 29
44 14
79 34
177 192
23 121
177 144
176 87
79 21
15 112
196 173
196 32
135 14
6 15
82 2
39 31
109 17
173 185
39 134
93 165
104 14
15 100
79 51
169 121
173 151
75 134
109 145
37 94
134 82
118 39
29 72
165 77
30 176
165 31
41 117
70 173
16 37
34 42
34 37
16 31
97 173
41 77
16 92
15 136
116 4
146 34
3 165
88 125
77 37
108 16
176 54
37 23
51 39
177 157
173 140
34 101
29 129
134 44
196 157
117 16
16 73
176 111
1 121
76 23
39 67
135 196
151 16
79 82
79 197
79 171
116 9
116 147
12 173
121 195
121 39
171 173
39 47
109 168
34 41
79 133
41 119
196 125
1 192
88 160
14 128
111 15
22 88
16 13
29 83
141 196
16 197
26 79
15 33
196 29
29 121
173 152
82 54
118 165
29 3
177 156
16 59
59 177
55 37
171 16
82 116
4 134
15 130
176 116
137 15
187 82
23 68
129 79
63 82
192 189
73 177
37 4
116 101
134 91
165 127
14 188
169 165
82 9
107 173
131 116
23 29
192 14
68 171
23 81
165 185
39 144
192 154
167 14
34 91
116 143
134 121
121 85
37 107
64 88
141 23
7 79
166 29
79 156
100 173
186 14
183 39
140 121
176 118
121 106
88 26
165 53
23 140
192 84
171 150
41 168
82 165
153 177
72 82
192 65
104 121
151 14
10 79
82 1
109 107
41 47
196 71
15 31