200
21 32 35 28 23 27 37 20 39 22 25 31 25 22 25 33 36 35 22 33 28 29 36 29 38 35 21 21 38 37 25 27 21 22 22 22 38 25 32 37 35 30 34 35 27 22 32 38 25 39 32 40 34 36 26 23 40 21 35 32 39 40 21 32 37 31 24 24 29 26 21 35 28 20 27 23 33 20 34 29 39 34 37 28 32 23 31 31 31 28 23 24 20 30 23 28 31 30 21 34 34 21 33 29 24 21 20 34 34 33 33 33 20 24 28 38 24 25 26 30 20 35 21 30 22 23 32 26 26 27 28 35 34 20 25 32 22 22 32 28 29 29 36 35 39 23 33 29 29 35 39 35 28 32 21 33 35 31 37 26 36 34 26 31 23 25 25 30 22 30 25 29 36 23 21 25 37 27 22 26 23 39 22 25 33 23 24 22 38 32 26 22 36 33 29 31 32 30 33 30
20
24 29 36 26 44 24 43 40 34 34 27 30 36 50 39 29 36 40 48 37
8472
101 70
88 53
20 178
197 81
151 56
200 33
114 85
86 170
86 139
112 200
60 18
190 148
67 192
178 39
122 9
114 134
112 10
130 33
86 153
191 123
44 30
103 90
197 148
78 178
3 15
112 6
195 151
142 138
200 1
101 86
9 34
130 45
189 9
93 127
128 89
100 120
194 38
196 100
50 20
134 130
55 200
82 196
77 60
108 185
80 124
116 34
138 177
44 190
139 61
130 90
93 3
125 191
151 64
5 99
161 142
142 189
120 131
42 114
78 63
15 165
37 44
163 194
139 24
199 92
195 55
154 185
45 185
101 120
6 185
74 63
179 80
42 179
86 25
160 34
151 66
26 108
53 163
32 114
57 93
80 194
110 142
194 27
60 169
97 30
48 142
62 53
80 47
96 195
7 142
5 182
197 149
60 89
72 139
46 195
143 80
33 163
77 108
103 120
200 83
112 173
89 8
175 191
176 9
60 72
145 103
154 195
8 170
56 200
34 129
174 179
103 183
200 120
139 144
161 74
148 89
112 183
18 85
161 156
86 28
103 13
28 11
43 144
63 195
15 84
18 174
34 154
192 8
188 114
8 101
151 169
155 139
11 14
192 116
47 97
160 100
42 63
200 5
191 57
179 89
190 15
161 178
112 44
34 53
19 73
81 163
9 184
70 97
79 93
42 190
195 132
170 100
192 57
197 188
185 169
86 139
89 5
145 125
170 157
18 148
50 53
114 172
7 47
195 83
191 61
80 118
7 92
163 70
144 177
34 26
108 68
63 165
30 18
50 103
17 63
9 4
191 144
130 102
112 100
46 101
133 130
200 26
111 145
28 108
84 144
98 179
137 93
112 117
138 53
150 20
87 170
177 5
191 121
76 93
125 139
172 28
138 147
196 175
28 105
100 82
11 185
114 195
18 63
170 60
75 100
87 53
200 185
89 178
166 170
63 101
176 194
103 200
114 40
190 50
120 46
80 151
11 112
196 95
83 57
59 30
37 150
179 112
187 47
60 26
144 93
32 15
29 161
71 178
93 27
139 53
34 101
195 38
173 20
143 178
142 9
57 41
109 53
178 145
28 49
7 29
8 200
118 141
29 156
97 76
96 34
37 85
168 29
83 34
195 170
200 147
93 189
30 199
92 183
73 11
161 47
145 175
78 28
53 119
178 19
190 23
149 191
86 70
138 160
44 144
1 100
176 200
170 100
19 32
34 124
199 197
195 169
160 11
161 180
41 139
165 161
170 63
112 151
102 92
47 174
170 47
56 130
118 159
174 57
130 15
53 164
87 200
103 91
32 185
144 118
34 187
17 30
70 5
89 111
80 169
14 18
108 178
139 123
85 178
181 60
114 112
93 60
9 136
141 130
131 89
142 78
117 30
194 4
12 103
192 77
129 18
89 200
187 28
76 191
5 44
179 48
120 3
195 13
60 132
142 70
10 120
168 37
56 63
194 37
157 163
60 19
108 135
118 156
11 122
89 136
53 47
106 57
86 34
103 78
92 197
30 124
197 4
15 130
195 181
92 179
48 20
161 36
185 73
89 194
85 145
114 9
166 192
99 11
142 185
20 18
138 187
34 191
119 86
179 196
200 76
118 63
176 145
170 191
15 45
84 89
100 108
135 192
5 145
11 155
29 64
150 28
89 90
97 40
52 93
100 53
106 34
108 78
122 103
194 105
141 161
194 35
11 9
178 158
44 28
93 70
28 73
133 63
145 39
195 27
33 151
151 166
195 51
103 161
86 50
102 103
101 128
156 191
63 103
97 37
134 118
117 34
63 187
118 145
199 28
75 37
55 163
89 38
173 93
127 151
145 108
161 113
101 89
63 112
191 63
122 57
63 13
157 145
10 108
29 112
55 120
19 21
20 35
190 112
70 151
29 179
149 112
145 62
79 179
200 86
80 125
20 66
19 70
112 86
143 18
123 19
86 17
56 142
166 19
195 54
66 100
183 190
20 99
139 179
5 94
20 138
130 112
30 39
15 75
37 154
103 82
94 28
136 29
109 200
182 139
107 19
63 5
101 3
63 161
28 125
18 138
185 37
138 48
29 32
114 20
145 35
130 36
62 200
185 114
24 151
69 100
154 170
28 9
63 114
62 118
30 82
163 17
34 29
181 170
41 179
9 18
59 145
154 100
97 138
163 84
140 196
200 46
191 200
60 63
100 127
151 163
63 160
179 176
76 92
152 163
195 48
25 11
100 200
92 98
34 4
5 142
185 71
177 63
166 197
53 160
194 72
34 89
97 141
166 138
173 80
184 11
29 143
93 178
192 26
80 51
115 179
100 137
170 120
190 34
200 174
151 188
93 126
62 139
1 138
67 20
139 108
116 57
185 43
6 200
137 29
118 89
75 18
144 103
142 200
138 53
86 67
119 163
200 22
37 34
130 191
89 93
60 44
108 167
161 191
86 42
189 191
86 161
1 151
47 195
57 125
97 84
195 151
8 80
18 184
14 101
178 181
134 179
18 27
135 19
11 96
139 145
179 16
185 97
92 130
137 190
78 195
33 15
170 92
100 85
193 197
197 169
73 29
84 93
39 170
114 192
118 177
183 37
178 62
75 97
70 191
189 103
19 179
53 21
79 30
114 139
100 63
130 85
170 172
191 75
127 145
173 118
57 80
47 138
79 195
108 94
156 163
194 200
71 20
177 196
3 9
97 77
135 100
99 34
180 53
139 138
191 194
192 89
26 178
131 11
22 142
196 25
3 60
127 9
93 133
20 146
9 155
83 178
88 138
196 28
103 170
191 119
11 51
114 84
10 195
178 37
195 134
22 130
134 144
114 175
100 108
141 60
196 145
2 200
50 30
53 199
108 15
139 14
57 165
158 30
169 92
60 4
157 20
5 141
102 89
112 167
138 103
57 126
37 97
88 19
62 196
7 53
28 167
18 133
107 108
200 116
69 190
141 144
179 194
100 64
89 122
71 29
36 163
57 88
101 144
52 190
184 178
93 194
19 152
188 196
183 163
96 53
11 185
15 2
120 96
114 29
1 20
124 112
166 144
86 142
191 199
138 105
95 57
60 48
170 123
119 89
47 52
41 130
16 139
80 46
37 191
181 57
138 103
74 114
11 129
189 20
138 199
179 164
194 13
15 47
64 53
107 191
11 197
192 48
117 195
114 169
34 159
187 192
44 92
163 42
49 92
179 64
103 34
151 65
11 176
78 114
100 4
168 120
170 118
142 166
179 191
30 100
97 18
25 192
5 181
196 3
130 79
3 86
134 86
191 32
149 185
200 156
60 123
194 68
89 167
86 65
20 65
9 73
170 16
135 161
191 28
29 142
150 19
89 188
174 11
86 118
165 80
107 29
34 42
108 93
151 129
11 138
145 126
46 185
92 45
86 138
5 65
59 161
103 95
145 23
130 199
49 101
88 144
24 100
53 111
91 190
22 15
58 197
114 178
88 103
161 158
97 83
47 114
185 144
89 190
130 148
125 29
161 4
127 114
178 179
18 173
130 155
118 130
80 120
142 130
65 192
199 80
114 60
1 197
187 139
30 116
57 97
139 37
92 11
168 20
142 193
138 15
191 57
53 175
115 53
9 130
81 11
86 92
161 94
20 182
200 190
191 185
5 167
142 34
5 130
105 30
5 23
27 144
151 114
161 140
47 166
108 128
55 178
196 22
151 11
72 19
196 44
144 62
120 193
197 29
138 200
157 37
130 185
178 96
191 27
103 119
112 53
97 103
93 80
60 195
130 52
18 6
196 137
62 30
57 168
50 89
175 142
97 173
43 89
60 95
170 49
4 142
15 170
51 100
42 5
28 149
82 197
28 72
103 131
74 103
179 8
115 197
151 174
95 30
179 81
114 179
5 154
30 149
37 173
191 103
142 15
73 142
197 3
114 179
121 114
67 200
172 19
197 146
103 155
105 130
44 93
86 8
30 120
182 120
47 163
164 139
120 16
51 197
29 110
149 53
56 195
86 37
97 80
180 197
30 73
176 191
28 74
97 181
86 100
9 47
84 145
191 112
190 30
173 138
19 51
19 80
11 103
120 130
107 97
100 11
9 100
76 185
101 120
200 11
172 15
44 194
170 88
142 168
97 29
25 5
57 73
28 36
168 18
65 28
108 53
178 82
97 177
97 161
139 100
190 79
48 9
53 188
194 89
161 176
114 195
165 97
173 5
128 178
178 170
169 57
156 89
133 47
82 142
120 41
18 68
157 161
7 114
111 29
138 29
144 52
114 39
118 197
139 141
180 196
112 36
89 29
139 1
12 170
79 197
47 142
165 18
28 159
64 142
191 29
28 137
107 103
15 120
170 185
18 12
151 84
30 93
101 77
86 102
78 5
137 101
53 190
163 87
145 191
18 17
138 175
53 76
75 34
57 102
169 97
53 123
145 61
37 200
89 190
163 20
130 14
100 190
53 39
15 23
197 13
24 114
195 103
28 26
80 69
192 145
24 29
103 61
17 170
145 80
16 97
176 192
123 197
194 14
139 2
103 141
178 40
19 106
195 200
178 167
114 36
127 101
101 182
195 58
37 41
126 29
24 144
73 34
192 60
194 181
125 63
156 9
89 37
111 179
163 71
130 27
16 112
79 9
142 182
138 52
15 19
77 197
199 161
19 31
112 33
2 191
40 100
18 108
157 120
103 47
66 28
130 18
44 192
93 142
197 94
120 67
139 50
130 28
151 37
108 63
46 130
128 200
195 120
196 186
194 17
94 15
120 185
84 197
131 80
10 139
95 37
20 131
108 76
141 145
93 131
112 69
85 5
92 191
46 92
192 197
9 68
8 138
120 130
151 130
93 7
53 31
22 112
168 63
122 20
108 161
60 22
28 15
93 179
63 138
36 142
184 108
41 145
89 67
181 192
145 108
4 20
20 13
190 83
120 142
47 74
82 120
80 155
195 153
66 200
95 11
106 47
78 138
164 194
144 63
142 65
53 134
178 190
3 194
57 167
120 114
101 149
136 200
155 20
112 97
44 80
13 185
142 24
18 195
106 53
67 101
114 103
194 139
130 135
79 19
108 38
100 161
57 93
63 20
30 38
48 34
102 97
69 196
89 151
195 149
29 76
200 20
92 124
184 194
32 34
57 42
97 19
193 97
133 200
191 114
28 176
89 142
161 57
97 51
11 108
103 65
23 114
29 124
166 120
196 83
84 161
65 63
161 131
142 120
144 37
63 9
161 21
178 155
2 9
169 18
160 108
89 112
138 37
150 200
15 27
15 79
182 170
52 196
100 150
112 104
81 57
163 101
185 183
63 142
28 141
19 1
39 19
91 138
155 97
148 53
195 113
92 91
53 65
139 98
138 112
154 179
114 83
138 117
84 20
29 195
47 49
79 142
5 86
11 97
39 28
60 153
5 52
127 28
5 82
161 19
45 19
97 112
108 131
15 128
111 142
185 29
41 19
18 123
12 145
64 191
144 160
3 190
48 28
9 193
34 120
130 13
190 86
91 170
29 89
92 188
15 105
60 147
97 5
170 141
60 97
153 18
63 53
168 60
69 130
141 196
107 178
57 20
156 92
48 194
129 108
50 138
197 19
80 133
134 197
194 177
192 142
89 20
161 153
86 192
94 185
20 56
112 168
4 190
16 89
101 125
18 200
78 97
108 121
34 123
59 170
172 5
108 96
60 193
108 159
170 7
130 53
64 114
137 18
194 178
194 158
19 182
60 144
103 68
89 175
183 53
7 196
195 161
26 86
18 43
200 15
38 5
178 156
196 131
101 144
179 45
123 163
125 161
162 196
51 114
93 83
112 123
144 156
118 43
119 34
66 80
123 93
165 194
194 30
10 57
134 108
30 78
175 34
93 32
92 10
18 35
108 42
197 185
197 154
109 197
98 197
53 29
92 97
179 120
195 178
5 149
160 178
158 112
142 127
196 181
185 191
10 163
130 70
126 20
118 123
29 118
138 112
73 93
142 117
29 167
80 151
30 165
47 112
120 9
60 130
197 160
170 179
80 142
47 163
183 5
120 181
144 19
46 192
20 47
89 198
145 77
108 191
34 62
9 151
194 36
130 159
93 56
101 32
33 57
139 124
19 183
46 163
30 16
138 197
163 105
32 5
24 178
74 60
141 195
198 195
93 97
138 151
163 3
185 57
114 128
157 142
9 191
130 72
199 34
34 9
185 176
189 138
18 194
195 24
22 192
178 68
128 57
191 43
93 195
5 120
178 106
178 123
40 161
170 122
74 57
200 5
197 139
92 14
100 180
110 120
83 118
170 190
19 83
49 200
2 97
75 161
190 116
108 27
178 189
19 75
170 117
60 197
80 100
195 31
178 197
191 182
18 39
194 33
93 185
89 170
145 76
25 80
138 92
122 47
15 164
53 194
11 66
145 4
18 32
84 130
183 34
142 9
191 10
32 108
103 45
138 153
177 151
193 34
108 114
149 89
179 40
84 142
127 34
179 159
92 19
150 178
63 116
130 178
101 28
72 120
6 89
74 20
194 132
121 18
53 118
194 117
170 144
53 179
168 192
11 4
18 64
190 155
194 145
116 19
195 81
191 24
47 95
34 114
114 133
154 144
16 145
100 136
142 19
93 157
164 5
190 122
23 20
79 138
38 103
125 37
15 60
100 187
81 120
92 144
190 138
165 53
102 190
135 170
114 182
63 112
185 52
80 14
112 115
36 178
30 8
99 200
42 15
138 148
194 11
112 74
86 179
44 63
49 144
11 2
158 93
34 163
178 134
146 163
17 192
30 92
94 112
192 110
161 27
101 195
130 165
161 168
20 88
88 28
118 120
77 28
38 145
185 188
178 57
30 74
28 195
52 108
132 120
46 112
190 168
170 194
73 101
195 193
188 34
123 20
96 5
61 93
170 51
108 11
30 33
23 196
109 118
13 120
73 108
53 137
190 25
106 5
39 101
92 145
19 102
19 63
60 112
94 120
61 89
30 70
92 55
179 148
120 178
130 18
63 156
19 121
72 112
160 161
7 112
86 136
47 151
195 145
69 37
169 101
108 170
190 75
145 136
55 170
57 199
1 190
113 197
131 15
28 45
9 101
163 52
200 3
93 47
83 161
95 191
28 53
12 112
57 153
65 97
15 92
75 63
46 142
86 57
163 160
196 4
25 19
53 44
170 119
53 128
76 103
106 197
28 148
185 7
92 9
194 155
144 89
18 81
2 93
129 100
183 195
169 9
69 47
69 144
47 199
99 97
40 196
9 178
26 20
77 139
20 87
28 103
194 18
11 130
94 179
29 184
100 103
85 103
57 155
28 87
144 107
111 195
170 79
18 181
50 29
195 16
170 82
141 80
95 144
8 196
191 77
163 128
20 161
195 182
151 5
122 120
13 29
26 120
15 50
92 133
80 178
196 30
9 195
18 193
29 114
129 138
15 51
38 19
59 47
75 138
194 50
34 155
52 100
96 103
11 179
112 92
144 146
184 47
60 129
129 145
19 18
26 37
37 67
80 122
163 89
192 138
72 195
151 184
195 23
79 57
192 182
148 108
194 37
191 21
103 3
89 71
167 93
25 112
55 101
119 192
142 53
8 144
161 3
180 145
30 108
194 15
147 139
53 28
84 118
144 39
118 179
114 92
138 123
60 101
191 81
5 192
30 18
93 170
32 170
199 200
145 74
185 69
177 9
155 112
173 89
132 197
50 161
89 30
92 28
72 20
145 110
108 190
118 93
80 63
167 120
200 93
191 188
139 96
45 60
188 15
30 118
80 108
11 6
99 145
160 118
5 14
188 112
30 77
20 8
78 196
138 108
138 120
161 152
147 97
11 82
159 190
39 93
18 92
9 65
89 30
114 17
168 53
196 153
11 167
18 93
6 195
135 60
110 60
178 120
80 53
83 20
45 80
141 108
51 86
37 147
80 20
192 199
29 169
34 93
37 13
92 178
141 151
175 100
78 112
151 107
20 82
16 194
78 15
91 192
9 163
145 191
60 165
114 144
57 150
61 163
30 195
190 45
86 128
73 86
145 168
138 95
19 74
77 130
18 13
20 165
107 179
160 103
64 185
132 37
47 45
165 196
190 5
126 86
24 63
32 197
112 119
1 60
139 28
43 151
179 153
136 11
161 117
80 129
45 195
32 47
67 29
2 57
53 189
5 46
89 69
179 56
129 112
34 30
200 112
116 101
5 45
46 170
190 106
174 9
92 118
97 5
97 73
80 161
199 151
56 86
10 29
72 103
26 179
86 114
20 166
112 87
190 103
13 100
31 57
28 80
200 82
55 97
144 25
172 151
57 183
123 120
3 11
151 102
34 80
44 9
71 37
53 167
30 189
197 183
138 68
126 200
89 51
194 136
112 135
60 177
93 182
34 17
130 108
170 184
16 11
194 196
150 194
175 197
51 108
167 47
103 29
118 89
30 185
196 56
125 89
75 53
29 185
27 142
114 47
51 163
49 53
47 34
200 47
28 100
34 141
47 156
144 34
9 120
148 60
130 185
194 67
131 92
5 160
159 145
100 68
99 190
145 194
6 120
130 154
97 105
160 185
41 185
37 114
78 161
196 34
189 130
106 151
89 145
176 15
184 28
60 157
86 122
118 14
96 144
53 61
8 57
187 120
25 118
130 37
192 141
15 80
103 9
92 60
170 29
126 97
97 194
106 144
194 141
178 194
9 99
114 46
28 23
94 144
144 50
103 58
93 199
5 108
15 37
134 5
49 142
108 179
130 83
163 175
108 50
89 171
178 22
193 103
138 41
103 144
20 61
151 44
200 63
71 18
113 20
196 170
196 14
179 177
170 145
114 152
189 197
185 128
100 76
92 60
22 190
108 192
149 108
197 46
196 174
15 148
114 167
96 9
39 80
37 43
101 28
28 24
84 86
98 161
170 120
118 36
3 20
200 103
167 192
115 196
72 29
6 80
157 101
175 11
157 18
180 29
136 112
9 133
1 178
163 80
197 181
161 15
104 195
4 37
161 20
144 55
80 86
138 17
83 112
142 85
60 108
63 61
37 30
141 179
118 95
5 66
145 169
65 93
191 129
40 89
11 144
86 169
1 161
73 5
103 140
108 20
177 195
5 105
120 179
11 148
32 80
108 8
195 7
179 157
30 19
167 118
69 11
112 47
144 5
145 103
170 60
7 20
108 170
110 80
55 108
190 145
46 60
60 151
53 163
169 191
80 200
89 166
89 59
197 17
195 70
103 11
190 185
80 183
28 112
28 163
165 5
193 5
81 190
153 170
31 114
119 144
95 139
172 18
170 47
146 112
192 185
84 47
52 178
59 92
61 5
81 139
195 20
180 200
190 40
93 19
3 179
118 8
39 63
148 120
161 28
79 144
19 91
87 57
108 197
175 151
176 80
30 179
31 18
172 139
192 12
101 134
75 89
128 196
29 172
37 11
120 88
161 51
93 190
112 57
30 97
144 75
103 66
24 138
80 186
194 93
172 11
127 18
128 118
15 60
8 53
190 67
200 31
137 178
2 34
135 63
18 187
163 29
72 9
29 9
177 53
150 89
35 47
132 130
57 35
142 17
50 18
141 29
40 195
20 25
170 48
120 97
120 152
194 190
114 192
17 29
40 151
20 177
29 33
86 60
53 112
64 196
63 48
170 129
14 93
111 196
9 110
186 139
86 183
135 190
94 142
86 100
118 51
190 86
99 30
59 28
46 178
145 154
154 28
14 191
193 108
8 34
5 27
121 145
97 120
22 114
130 5
9 188
101 99
185 47
138 155
44 179
28 83
194 24
142 1
8 103
13 19
88 47
196 92
32 178
193 53
190 78
44 200
20 169
112 141
165 151
92 135
101 4
195 34
57 170
136 197
59 108
135 28
184 93
195 37
44 29
20 24
161 121
139 157
31 145
63 86
36 191
145 51
170 81
134 103
196 32
167 190
3 145
97 101
41 47
119 178
7 63
197 7
20 107
179 137
30 46
114 200
142 11
81 114
75 9
130 103
56 192
130 101
93 5
46 144
163 186
125 185
81 196
144 32
100 23
47 169
92 9
30 26
101 173
100 138
163 28
100 111
163 23
197 116
139 13
138 84
130 57
140 197
163 83
191 89
68 145
23 34
191 133
18 200
28 3
11 18
197 16
170 130
63 194
163 50
92 175
41 190
89 126
114 130
139 148
163 67
133 57
44 103
200 9
139 67
97 200
101 170
57 78
65 139
28 136
59 130
19 111
47 73
151 78
62 114
151 46
86 28
112 137
195 109
2 100
112 130
57 144
59 93
187 151
131 114
106 20
163 190
11 186
155 19
18 56
142 185
111 80
63 92
112 45
98 200
74 97
25 114
134 112
135 197
97 157
120 151
123 100
123 130
28 138
154 142
53 172
30 80
101 147
114 146
137 92
63 62
179 62
56 11
114 70
8 197
39 57
71 120
88 200
5 168
18 112
197 55
124 144
100 139
144 63
95 151
166 101
113 18
28 52
15 179
128 192
194 126
57 185
9 76
18 199
195 5
63 191
185 118
166 112
139 192
160 37
43 92
5 120
86 80
131 57
129 139
138 183
35 163
200 28
114 145
11 41
60 53
18 135
151 88
159 163
14 170
118 148
66 163
129 120
101 37
169 139
63 59
57 163
118 99
179 185
85 163
64 195
93 46
89 178
103 178
200 154
114 65
97 139
139 11
163 32
178 112
32 28
30 29
101 68
97 123
66 15
51 185
43 20
138 133
11 64
145 120
80 132
196 71
97 199
190 118
24 60
63 151
63 153
108 164
189 194
196 192
19 190
37 57
29 5
117 28
127 19
80 194
163 144
30 103
73 179
163 98
120 102
78 144
151 14
113 196
193 192
57 148
15 8
124 151
142 163
62 29
161 118
107 5
120 18
37 182
136 63
18 126
53 153
170 139
176 118
96 161
164 80
145 86
34 60
151 153
122 179
111 118
5 190
188 108
78 185
34 55
200 152
101 170
191 115
36 5
26 151
101 57
191 167
19 141
163 6
145 139
22 191
189 47
118 102
197 26
195 39
60 142
120 24
191 52
106 100
47 77
108 103
13 89
37 1
11 195
2 161
130 92
196 27
63 32
15 20
92 142
120 183
133 120
108 84
105 178
60 80
63 72
11 141
42 112
186 103
80 175
127 37
103 132
160 47
120 195
151 45
196 103
97 132
120 124
146 108
108 191
196 58
53 70
4 28
87 19
114 140
200 135
97 42
80 114
11 192
103 93
119 194
19 149
57 13
130 4
189 120
106 185
9 173
160 92
145 197
95 185
197 107
10 97
185 15
76 197
190 11
80 145
112 131
92 178
29 151
139 117
190 82
30 197
179 200
72 53
161 178
197 125
128 9
145 82
28 112
151 72
138 66
68 20
144 167
139 178
13 190
130 20
1 93
84 178
60 27
200 161
47 75
57 68
180 195
163 170
139 135
137 142
63 15
92 174
185 163
137 151
161 146
66 29
169 161
32 100
190 177
19 157
107 190
13 34
137 185
63 9
108 98
26 103
63 29
100 124
168 93
80 16
153 120
103 176
13 60
135 57
47 108
9 100
59 191
161 103
57 85
57 101
7 11
78 18
101 53
159 151
63 150
19 60
112 182
20 162
145 11
123 196
92 108
192 161
145 152
34 126
50 170
108 112
138 80
47 18
130 170
63 157
97 82
196 159
39 130
110 11
170 188
194 120
63 5
161 65
112 120
170 11
153 92
5 123
100 126
92 163
161 9
96 197
80 4
19 134
29 132
163 130
170 133
103 57
47 15
145 95
139 92
25 92
101 112
43 93
173 185
101 103
179 197
190 173
115 60
130 96
80 142
23 80
103 37
18 34
97 34
83 142
3 5
63 79
147 29
53 144
56 80
19 17
29 150
200 122
108 155
39 20
72 57
13 80
7 30
130 2
126 151
170 37
190 124
139 132
179 51
60 112
165 190
174 120
142 173
196 61
144 194
161 55
191 157
10 63
86 59
129 103
118 127
19 23
170 23
108 2
97 136
112 37
88 93
161 190
167 145
156 11
144 20
167 101
108 37
116 118
15 107
190 68
89 15
78 179
34 194
18 115
170 22
194 107
118 67
29 88
19 140
107 195
42 37
108 30
120 98
15 112
57 5
177 170
185 135
144 102
188 142
63 83
142 28
142 5
91 37
101 196
190 15
28 47
120 57
200 193
195 135
38 112
199 179
195 160
114 117
144 11
137 89
101 178
110 53
108 115
144 9
138 20
166 57
69 179
19 99
11 65
19 124
185 47
151 150
42 11
114 58
196 108
142 131
129 190
28 138
57 137
155 101
163 130
178 103
59 112
138 30
191 37
173 139
92 173
53 170
166 108
159 29
9 167
161 33
183 30
112 67
195 162
35 200
20 195
32 103
159 103
163 45
112 89
36 103
78 170
86 53
11 170
47 173
11 165
15 187
145 115
179 147
148 101
1 11
136 19
170 186
118 97
11 97
120 28
142 16
38 142
114 49
120 89
69 86
47 125
122 163
42 92
43 192
71 200
60 124
97 60
100 45
183 200
151 155
69 97
151 100
73 103
161 68
62 197
34 163
34 179
154 108
129 93
80 136
178 9
45 118
178 14
63 159
63 181
150 101
163 110
170 199
138 27
118 185
53 146
37 197
114 129
39 15
145 2
113 112
145 37
151 147
200 50
108 87
21 57
194 11
126 139
53 89
91 139
63 37
5 28
197 95
114 150
103 53
53 4
161 16
179 161
108 187
18 158
196 176
73 190
159 80
125 100
108 181
190 80
83 89
2 53
118 47
15 127
101 161
28 151
17 60
145 8
57 182
101 179
114 89
11 138
22 92
192 178
41 86
86 170
45 89
84 101
170 161
89 191
96 37
32 20
196 53
15 174
151 76
89 147
94 200
188 20
174 161
31 103
117 103
118 188
185 167
191 141
194 159
112 26
80 139
30 160
18 60
9 116
170 164
166 28
161 105
15 89
40 53
150 92
89 199
178 53
163 37
142 115
95 93
190 92
100 144
134 139
83 108
139 137
159 9
192 66
118 96
139 44
161 164
40 60
96 20
93 50
82 34
18 86
96 63
118 28
194 99
126 170
5 95
100 5
43 114
184 118
25 195
92 57
142 184
88 179
131 194
129 15
158 92
3 19
103 130
196 118
138 182
37 84
180 170
60 37
82 19
174 5
168 11
6 170
29 194
115 89
20 193
11 47
130 32
161 49
40 20
25 108
53 97
142 194
144 93
118 74
11 107
170 136
56 112
39 196
155 114
51 63
101 61
60 65
164 142
157 194
163 108
97 28
68 93
172 37
194 100
63 132
190 147
59 120
147 86
11 173
114 86
72 108
46 47
114 160
90 18
170 176
161 122
34 135
15 35
197 44
176 151
139 122
130 43
131 144
97 117
180 34
74 9
195 139
112 164
19 52
144 80
151 93
161 60
142 75
86 29
93 191
60 118
80 17
188 11
173 34
63 167
97 39
84 192
29 131
27 92
153 100
161 6
92 136
112 23
103 1
57 179
130 47
53 200
39 192
190 70
124 18
131 34
108 56
195 43
179 85
32 112
11 142
19 195
142 68
112 139
18 28
89 9
192 10
4 191
118 72
180 108
16 103
139 142
114 53
62 130
144 138
9 112
142 76
99 80
148 161
28 34
161 136
56 97
8 9
19 194
5 93
144 123
97 160
145 153
132 170
117 118
75 120
197 83
130 161
135 5
35 63
93 156
62 18
183 196
26 163
117 57
80 93
172 9
145 19
142 66
18 198
11 181
197 105
138 23
18 67
85 195
97 43
67 93
118 149
33 60
134 15
100 117
12 57
191 173
97 179
196 76
87 30
96 185
120 191
29 170
163 142
93 41
151 68
190 77
9 149
111 151
185 63
11 114
101 184
20 152
11 30
7 28
195 179
196 70
166 97
200 166
35 97
103 86
151 19
142 92
166 29
99 163
124 118
191 174
178 97
174 103
130 139
137 200
101 86
151 57
120 38
57 145
76 138
34 170
109 151
70 144
185 161
47 11
183 18
108 20
141 163
122 197
142 199
100 155
161 39
35 161
133 30
126 30
163 115
119 11
97 80
170 18
163 168
132 142
86 151
197 110
2 118
112 39
200 80
5 15
118 56
102 178
111 97
53 18
141 197
97 148
9 53
154 112
178 159
101 188
89 28
116 191
67 15
105 9
140 120
129 179
103 37
55 145
142 179
33 100
5 100
51 92
116 138
105 20
108 89
49 93
29 45
138 194
170 13
185 39
63 50
61 11
15 77
55 112
92 39
163 177
53 20
33 80
145 27
108 67
136 142
195 69
125 53
122 195
95 163
92 181
86 140
169 190
97 24
97 72
20 180
82 195
139 191
200 108
46 161
108 85
93 166
66 161
101 108
118 129
17 145
145 187
92 112
194 22
93 177
97 25
171 195
35 108
15 53
49 196
60 30
26 97
120 92
24 19
195 52
53 94
93 81
40 138
35 53
114 103
33 86
190 74
127 194
93 196
150 190
130 139
52 142
118 190
17 47
37 8
8 190
82 112
39 100
77 92
45 114
179 75
30 119
57 75
5 4
34 161
185 143
86 137
47 197
53 185
77 118
118 103
69 194
34 40
89 60
194 57
142 67
197 43
164 28
28 178
23 139
100 165
185 122
103 53
43 179
9 118
17 93
10 37
83 144
128 197
15 97
59 11
114 80
101 71
145 123
194 49
42 197
86 145
123 89
158 28
73 145
155 170
144 145
173 192
112 159
97 46
9 112
138 47
114 168
9 84
200 42
36 93
96 163
80 47
185 83
179 166
141 86
137 37
128 11
49 197
54 89
157 195
42 194
178 5
185 127
179 18
67 144
106 11
9 45
163 43
187 29
195 189
160 93
175 194
196 148
108 79
170 143
79 118
196 199
120 111
60 138
116 114
116 28
178 25
196 117
145 56
118 3
34 200
140 57
79 11
126 138
103 47
107 37
101 30
19 170
182 63
40 194
178 95
37 187
154 9
163 75
29 16
14 103
127 30
155 196
22 161
200 102
127 130
117 18
103 59
139 133
138 154
163 129
170 65
53 43
118 187
66 185
37 133
11 134
57 120
157 196
5 139
79 18
136 53
177 120
197 111
20 115
5 64
114 66
17 11
152 197
5 184
5 29
86 74
120 196
114 12
76 170
92 28
40 63
145 107
50 120
57 92
147 92
11 157
80 181
153 108
190 34
93 72
89 176
45 145
40 185
97 61
153 197
19 188
106 9
15 1
177 92
179 82
96 196
151 57
195 26
75 145
170 197
117 190
29 51
196 127
147 63
103 6
57 29
151 97
147 144
25 60
103 99
120 2
84 63
91 118
22 53
108 174
85 101
9 108
175 130
55 179
190 142
170 70
142 195
86 178
192 189
190 114
93 71
178 115
178 59
158 120
102 114
36 170
57 36
15 141
63 126
28 69
151 59
53 16
93 150
189 34
196 79
86 200
146 103
60 122
80 103
144 4
80 18
34 84
20 34
18 96
190 172
103 142
47 40
16 5
9 117
30 22
155 37
57 134
28 29
63 68
42 192
114 73
27 80
138 33
73 112
9 93
192 20
108 186
77 19
86 178
113 103
163 161
89 103
161 110
168 144
20 9
18 55
192 124
65 191
75 195
190 196
120 63
130 118
106 130
82 144
15 145
86 47
20 176
108 125
112 71
5 129
183 118
29 27
110 101
63 114
92 141
197 102
108 5
168 194
20 98
163 12
112 107
154 118
133 197
179 131
190 95
163 173
56 194
144 128
93 120
103 28
93 128
145 195
92 103
200 167
112 80
188 144
200 39
200 181
40 118
165 170
101 193
89 174
166 130
89 141
179 17
101 83
139 188
59 192
157 47
112 8
20 154
195 121
191 139
7 161
161 72
108 39
163 195
145 44
103 188
102 112
43 112
52 34
112 30
88 185
125 92
190 130
179 67
20 118
89 132
18 53
112 101
86 92
19 76
93 96
181 103
145 21
48 130
160 139
53 68
113 200
154 30
37 23
93 176
23 118
63 141
194 188
112 18
118 132
34 68
37 117
93 132
191 143
99 151
4 15
100 96
27 151
9 111
96 142
200 151
138 150
124 145
97 161
185 22
29 108
22 139
151 48
137 194
138 108
53 86
118 61
149 144
116 5
156 142
124 163
197 72
200 81
195 159
195 200
144 173
139 167
163 44
190 161
194 84
194 154
92 99
163 72
86 40
185 53
194 114
151 144
37 99
96 19
73 89
97 45
41 53
192 50
135 194
117 130
51 200
101 88
42 144
182 89
86 184
138 195
30 130
86 82
137 114
166 5
15 147
26 118
157 100
194 87
100 74
25 191
191 80
200 45
70 118
118 63
69 93
10 5
142 57
53 133
190 84
86 150
174 60
80 53
195 156
97 67
80 59
100 48
93 100
100 80
197 126
65 200
179 97
192 41
49 100
101 122
93 37
49 89
1 5
53 33
161 44
145 165
54 197
199 178
34 53
62 5
172 118
196 55
9 39
40 93
37 39
11 86
22 47
67 34
7 60
2 60
106 194
11 164
192 108
34 57
108 142
107 138
53 121
86 77
11 154
29 52
84 29
92 67
179 59
97 100
75 139
24 161
14 190
163 29
179 14
43 86
80 85
142 13
62 170
60 79
62 138
18 74
136 114
85 118
182 47
158 108
34 103
100 156
103 15
112 174
200 29
49 29
61 144
84 139
182 29
52 97
63 196
153 9
114 5
36 97
86 60
138 111
36 30
135 53
110 47
53 99
77 100
47 71
21 89
189 57
63 163
158 80
185 165
9 27
108 165
70 18
114 118
65 15
163 103
179 156
4 120
191 114
99 93
71 86
19 103
28 189
192 103
11 57
190 11
145 34
60 100
139 105
200 188
194 81
94 34
179 138
158 20
191 17
87 139
179 34
18 77
145 190
151 29
194 39
86 160
30 159
190 24
123 37
126 92
63 34
11 70
179 20
200 57
92 20
163 111
19 163
153 190
186 89
28 70
18 120
9 15
118 37
45 86
24 196
69 15
20 167
57 115
35 37
163 22
120 30
105 92
163 114
192 164
19 114
9 108
33 47
83 5
89 138
195 50
55 28
101 45
38 114
138 200
63 89
86 132
2 170
48 144
190 72
11 63
111 101
149 196
1 114
63 86
135 145
18 185
151 167
37 156
13 144
63 85
59 163
63 142
66 57
195 8
191 197
89 1
108 12
66 63
151 5
175 18
86 10
118 48
120 52
197 18
120 118
130 78
86 144
75 29
164 20
43 15
192 161
102 9
37 120
112 98
189 89
43 34
176 47
143 179
133 20
5 188
125 196
100 183
47 200
134 100
11 28
196 139
200 189
183 11
29 11
159 97
34 120
10 114
18 80
117 145
20 45
69 101
181 86
86 94
37 179
144 73
75 170
133 192
185 126
170 85
19 130
15 132
63 120
63 91
34 77
37 176
20 100
19 195
64 194
108 113
118 88
30 152
53 200
114 187
200 13
72 138
118 57
190 133
77 179
159 161
5 161
133 163
18 161
157 29
161 200
46 190
79 200
130 98
99 100
101 74
18 160
38 29
63 89
110 30
50 197
178 125
64 108
15 184
185 79
170 173
114 9
11 32
116 185
150 97
179 185
178 110
34 33
175 9
129 161
105 120
53 95
101 60
151 74
112 35
170 127
37 145
86 9
21 108
120 125
142 191
194 100
88 114
111 114
32 195
144 38
63 38
154 191
59 185
115 139
175 161
99 185
18 25
138 149
57 16
139 71
63 55
193 161
9 165
160 101
163 25
9 97
60 103
145 131
46 194
20 37
58 20
57 145
100 193
18 178
161 5
78 53
156 138
20 172
197 38
147 195
158 15
161 172
37 72
44 11
194 76
168 200
30 150
72 170
138 145
106 37
30 170
80 11
97 151
25 37
154 63
118 100
97 41
86 194
178 17
102 34
118 53
163 93
200 15
116 142
116 20
15 170
194 123
130 194
108 171
120 11
56 100
9 118
5 136
28 144
99 142
200 178
70 100
71 138
80 161
41 20
56 37
74 170
106 112
161 93
74 178
135 144
185 200
179 140
91 53
178 7
100 92
68 139
23 18
178 182
61 190
72 144
47 26
172 120
33 195
63 163
18 89
57 60
86 144
129 178
87 114
38 170
24 108
108 195
124 57
179 37
20 76
191 6
11 85
88 37
119 195
196 167
94 103
167 179
163 106
159 57
27 163
200 197
119 57
100 110
93 26
142 107
191 28
131 163
196 121
103 152
20 21
188 130
185 196
179 86
93 136
163 190
34 132
92 185
5 126
112 91
18 103
200 38
53 1
47 62
185 4
117 120
4 108
187 144
191 66
161 91
77 195
88 92
66 9
33 196
39 163
37 76
57 157
158 103
178 19
103 196
63 67
82 9
108 97
64 80
102 142
70 192
103 106
163 195
20 174
191 83
163 103
144 183
149 130
119 28
120 23
115 101
17 5
53 131
60 176
103 33
28 34
101 33
63 111
69 9
112 177
110 144
11 112
168 191
161 37
121 86
86 112
92 192
49 19
18 5
69 178
57 53
121 20
36 80
114 34
140 170
163 182
128 28
200 159
107 86
34 71
53 190
145 89
80 197
119 145
101 197
108 7
151 39
144 31
57 65
142 174
101 135
170 80
161 73
192 80
184 57
197 14
130 50
37 200
57 86
50 196
192 101
10 190
37 11
5 101
133 28
199 60
45 34
57 200
129 192
37 45
149 200
118 44
53 71
100 36
43 28
71 92
11 24
176 18
125 163
192 32
21 196
29 23
120 147
11 101
47 27
189 60
200 92
18 134
119 151
62 101
179 22
80 26
4 30
112 76
4 151
145 100
101 123
53 11
47 101
63 108
114 135
42 191
196 36
57 19
136 151
151 186
79 103
34 182
170 24
67 195
185 189
37 142
88 34
11 159
130 67
52 112
19 103
139 89
199 108
103 71
53 97
30 88
185 35
192 112
50 11
118 82
110 114
62 97
100 8
36 60
97 3
109 163
101 24
60 28
153 194
92 78
184 53
144 130
195 15
47 63
163 93
187 200
142 197
82 163
92 187
26 92
196 85
57 130
60 187
19 160
100 63
92 127
88 161
200 196
101 79
31 139
139 178
161 127
179 200
151 154
188 97
142 178
130 191
117 5
170 138
169 15
196 161
119 80
34 158
171 97
43 120
63 41
75 200
190 9
173 15
118 71
127 11
160 191
200 17
139 138
161 144
91 11
159 15
142 42
191 60
33 190
144 17
96 15
80 63
134 163
29 19
73 197
161 15
5 157
93 85
23 60
15 108
108 65
107 9
161 8
18 151
19 78
125 93
190 7
193 63
45 53
18 16
94 139
57 190
97 194
53 159
7 151
185 193
191 144
11 133
161 115
77 196
144 120
183 130
120 145
138 67
94 18
11 22
101 103
189 145
130 119
159 37
179 47
83 100
118 46
5 138
60 75
60 150
200 89
178 200
88 5
63 172
89 53
84 179
48 5
2 196
47 28
112 19
9 150
43 47
190 88
189 163
112 196
130 200
33 92
151 194
71 9
163 74
34 69
86 34
110 97
199 145
138 55
197 59
79 161
67 103
135 89
28 190
11 105
120 116
92 168
173 197
99 197
178 61
19 85
139 102
79 53
37 108
78 60
75 192
102 20
24 18
114 161
95 142
91 60
7 192
1 18
191 102
37 34
120 95
194 139
6 139
145 26
17 89
106 196
28 97
138 80
15 196
185 44
147 145
179 144
135 9
14 86
142 74
142 112
56 89
97 116
34 134
89 140
30 190
57 138
6 29
37 63
28 181
53 14
97 114
100 71
26 139
19 64
92 90
62 108
185 14
185 174
76 195
63 178
178 172
153 200
104 103
200 169
138 110
11 152
108 195
87 120
151 191
153 114
82 93
87 144
114 8
5 92
148 144
110 89
28 79
112 195
123 15
36 120
191 18
3 170
175 101
12 20
178 99
100 62
195 35
145 156
178 79
119 19
195 184
20 59
103 18
191 124
151 108
112 160
47 158
134 60
155 29
137 103
88 100
145 52
191 177
182 185
112 17
184 161
47 118
5 34
9 11
170 1
22 19
112 120
161 128
134 145
5 118
112 29
15 29
200 173
63 149
80 5
197 18
166 139
40 108
196 191
197 23
195 84
134 191
77 144
5 59
130 47
118 4
108 190
53 51
142 187
88 139
124 9
35 89
139 97
71 151
95 108
120 165
191 97
120 69
195 199
139 38
98 53
192 120
51 192
139 101
103 24
147 114
161 9
78 200
138 163
9 86
179 95
89 47
197 103
27 11
192 190
57 40
18 46
29 91
192 18
34 11
11 179
120 188
112 88
149 92
65 118
142 148
74 130
177 86
91 151
170 148
61 195
145 66
139 70
142 14
130 3
159 60
5 30
89 139
139 163
144 159
151 132
127 138
26 170
92 62
125 5
167 92
65 34
34 178
142 88
186 161
147 192
53 192
131 151
9 179
151 128
64 144
60 163
92 73
30 1
44 19
92 56
89 47
190 119
154 178
53 85
195 123
112 40
5 7
5 144
174 80
130 75
28 9
30 14
195 133
66 60
111 34
103 139
46 139
56 161
108 142
66 190
40 18
175 170
192 40
168 9
96 30
192 156
163 120
5 179
53 126
57 80
61 120
170 191
179 72
103 125
60 9
161 194
49 97
89 36
134 80
177 11
197 65
84 19
144 80
119 139
53 63
190 36
175 190
19 18
196 156
83 120
20 139
100 3
18 107
45 161
18 73
194 34
46 63
6 151
47 53
190 92
43 139
112 95
100 95
161 142
192 160
92 200
93 34
118 158
86 103
130 136
3 47
167 161
92 1
30 144
151 87
79 97
128 20
11 189
7 18
151 9
103 165
144 190
92 176
79 34
195 165
89 32
18 15
192 118
13 93
37 153
170 187
73 191
114 15
63 174
93 29
11 35
60 41
163 137
9 139
124 93
178 53
114 189
14 37
135 138
41 200
152 57
34 57
196 5
30 27
97 50
147 191
161 102
37 51
200 148
15 155
150 145
78 89
9 148
179 49
36 197
179 178
18 83
197 33
195 98
191 171
195 17
60 103
133 89
80 88
149 18
40 101
29 179
1 194
22 195
114 91
178 80
47 24
175 86
80 78
34 41
73 163
97 156
41 118
80 156
52 80
51 142
103 22
181 179
63 194
19 81
65 120
100 57
192 85
132 18
8 185
83 138
128 37
9 134
39 179
112 62
69 19
24 53
89 120
151 75
25 170
154 15
191 68
15 26
28 30
43 196
152 195
64 57
139 57
56 19
193 28
190 176
24 5
37 167
196 150
9 60
120 73
11 45
194 95
144 9
93 159
194 41
185 177
151 122
80 89
133 97
200 130
89 177
144 192
191 99
139 116
133 179
132 161
4 86
161 85
9 170
18 163
140 200
74 197
60 158
130 108
80 177
100 147
100 133
15 57
178 148
11 55
170 138
22 86
28 114
145 5
15 55
29 18
121 89
9 53
64 15
135 20
57 71
178 165
100 25
151 170
191 131
101 151
11 145
23 200
10 151
181 144
101 108
185 68
112 93
119 92
21 103
158 138
173 63
24 92
165 179
120 159
191 20
101 153
145 22
29 43
200 163
118 107
185 10
21 179
103 39
60 167
19 168
186 114
158 5
161 154
63 82
68 5
170 158
34 29
97 48
120 7
191 151
37 55
88 63
195 65
147 11
195 94
37 190
50 178
160 29
97 119
168 15
14 108
105 19
163 148
18 97
144 158
36 29
161 197
149 100
101 19
122 114
29 57
145 24
97 137
194 94
112 14
78 145
112 51
197 147
61 185
200 123
97 163
187 19
92 69
7 100
96 92
164 19
157 92
68 30
20 163
73 138
191 26
143 60
108 175
101 78
163 188
28 10
106 120
144 53
122 29
42 9
60 69
134 200
7 80
9 97
147 142
100 191
26 130
179 68
60 53
5 11
144 37
89 11
130 49
130 157
188 30
169 93
103 25
89 57
178 3
142 155
93 11
47 150
5 60
65 190
194 195
5 22
15 192
175 192
29 99
8 11
144 137
5 101
36 139
175 139
191 40
200 52
100 176
125 194
2 18
179 2
77 29
200 157
89 39
45 30
5 155
170 97
18 190
19 148
159 86
126 108
100 37
121 120
185 87
47 165
145 34
49 139
1 196
30 84
96 194
179 35
108 6
142 169
165 144
101 176
170 35
186 18
112 172
15 95
108 105
130 65
9 46
118 106
86 15
28 100
191 122
191 155
181 114
18 20
151 193
20 15
117 151
27 97
151 116
56 57
191 195
96 151
179 36
151 168
19 62
80 127
142 19
57 127
3 151
194 26
97 114
148 191
190 93
179 13
57 156
2 178
86 108
163 102
108 116
192 163
23 192
153 185
100 97
48 30
34 105
107 53
26 9
57 63
138 157
170 94
182 100
140 108
138 57
124 178
114 130
142 145
89 183
47 123
72 196
52 15
163 100
97 182
2 89
34 70
14 15
7 15
30 52
5 132
41 80
11 19
85 112
142 112
60 166
112 30
120 176
177 29
28 93
155 120
101 158
47 86
12 19
62 28
11 102
149 192
11 124
56 163
86 166
15 136
15 36
117 11
138 159
141 20
86 154
196 20
139 181
9 70
9 101
178 130
29 2
145 29
165 114
36 185
194 59
130 7
145 172
145 114
99 120
18 45
191 35
120 29
172 138
50 101
163 197
125 130
142 69
63 107
22 97
91 191
28 147
11 72
28 129
34 149
82 161
191 179
120 134
5 171
11 115
18 144
46 108
53 192
69 118
170 192
192 165
46 100
179 4
168 139
193 112
70 179
2 192
89 100
11 52
130 153
192 159
33 93
166 30
93 200
101 199
179 184
100 178
138 92
100 91
40 130
80 147
18 37
42 29
161 119
20 42
187 179
143 103
194 102
42 178
19 27
195 139
163 30
127 195
112 61
166 80
186 112
145 132
53 141
107 92
105 118
179 170
161 89
47 57
47 145
162 18
43 145
36 63
97 122
114 156
120 186
27 112
46 86
1 86
88 18
191 120
19 67
24 192
103 190
121 103
199 190
7 101
112 65
190 158
20 120
138 118
163 88
189 63
191 190
63 110
22 108
161 120
11 39
19 8
5 60
19 28
143 11
179 139
69 170
49 86
192 68
78 163
5 138
179 91
63 151
89 105
48 93
86 138
174 197
57 164
61 114
112 171
200 164
125 60
29 144
30 20
32 190
150 170
111 178
112 21
191 3
157 112
82 15
74 108
151 156
82 28
33 145
4 92
192 61
103 41
71 195
192 74
199 100
118 168
39 34
41 30
190 100
4 139
103 57
108 177
97 8
40 103
30 195
44 195
9 80
34 177
83 139
89 65
157 15
11 5
138 97
139 29
57 195
80 75
139 11
194 120
14 89
179 194
185 16
68 200
72 200
163 112
17 139
55 29
160 120
78 86
118 147
80 91
118 136
174 195
57 110
171 196
193 89
61 130
20 11
10 89
37 77
25 179
108 118
100 11
57 179
158 151
108 18
168 101
192 55
170 67
105 112
97 189
167 103
28 122
114 166
29 135
99 89
89 82
25 28
96 29
118 151
191 53
169 118
60 63
15 125
191 34
30 156
47 5
115 30
158 114
37 141
89 155
106 30
132 190
169 130
8 18
179 132
96 28
103 192
190 111
99 18
11 120
9 41
192 154
195 161
65 178
100 173
89 161
130 51
29 100
28 37
19 43
102 196
101 183
144 23
122 63
86 120
178 8
189 86
33 191
191 86
120 78
30 191
15 9
91 163
191 98
170 43
200 155
67 28
6 20
71 170
138 26
57 26
30 136
63 64
80 77
178 48
18 11
130 184
158 179
166 196
137 47
15 120
89 62
143 101
23 86
96 47
59 60
37 165
59 29
43 101
173 108
19 55
197 39
176 163
86 13
47 68
191 82
49 185
185 119
50 80
46 191
101 1
5 124
15 110
92 197
15 177
29 74
26 29
178 97
44 57
11 74
102 108
139 32
114 89
141 57
105 195
27 37
52 18
190 49
71 145
34 44
200 144
179 182
93 11
11 36
164 30
63 4
5 39
19 5
161 189
114 96
8 29
14 195
48 185
5 189
41 5
29 15
190 38
194 85
20 137
20 54
39 142
195 49
135 179
179 130
110 108
114 76
55 185
9 14
83 194
191 184
15 112
179 7
179 110
25 138
47 194
86 99
143 163
120 135
51 194
172 194
41 191
62 163
30 170
103 153
196 10
61 179
101 52
116 47
122 112
45 194
17 53
157 114
158 185
178 131
57 77
161 183
102 37
138 191
95 29
101 139
5 170
93 108
53 5
108 34
116 145
103 127
52 37
160 130
35 5
171 197
118 37
197 167
97 57
122 100
169 138
59 34
174 170
192 14
179 163
161 29
112 145
48 139
37 185
47 1
42 103
28 170
185 97
59 15
121 170
53 3
65 101
139 144
151 164
57 176
29 1
191 5
167 195
28 180
89 19
196 189
80 190
175 103
89 181
192 69
117 200
149 161
20 153
83 179
30 184
57 27
130 137
18 182
179 18
63 145
60 151
2 63
3 63
25 185
138 124
50 145
134 194
101 200
5 191
142 29
55 142
18 163
108 185
34 139
167 170
85 197
192 157
60 20
197 194
38 185
33 89
83 170
161 112
69 5
30 24
194 71
81 103
20 170
192 151
163 113
12 53
4 47
161 52
195 186
22 18
34 3
196 35
14 163
15 139
86 93
63 175
68 60
15 111
120 28
192 158
84 191
178 47
92 194
18 170
11 187
163 97
29 4
200 64
15 10
1 57
6 145
63 170
101 151
92 32
175 57
121 200
178 66
151 190
118 161
194 25
83 151
89 116
15 17
145 158
14 28
9 80
18 51
182 144
155 163
15 28
59 9
30 178
170 112
89 18
149 178
36 151
103 109
126 195
48 15
185 89
51 191
20 22
166 100
101 200
10 30
53 56
69 103
142 183
70 20
106 138
77 53
120 119
191 200
99 60
103 198
197 165
59 37
168 178
137 197
89 185
138 194
17 103
120 70
87 18
80 195
192 105
160 179
130 182
112 192
48 11
68 28
170 33
132 47
60 107
188 18
178 56
4 89
191 110
192 13
93 130
43 60
106 18
169 194
190 110
142 3
50 185
53 120
174 118
116 93
47 144
86 117
171 170
67 185
19 122
5 128
174 97
64 163
37 15
47 19
144 195
108 178
130 181
82 192
142 124
149 80
79 194
23 191
9 183
191 195
50 112
161 106
37 62
35 144
108 147
122 18
92 85
192 200
107 196
194 60
34 118
187 178
65 163
105 179
112 48
94 30
118 52
51 103
173 178
119 200
192 89
15 100
35 142
101 92
108 200
109 20
166 185
19 71
196 94
74 194
65 19
165 118
106 29
182 118
150 130
61 142
60 138
156 60
120 115
5 118
11 149
197 90
2 197
62 93
120 185
86 11
179 24
9 103
178 177
70 108
8 120
25 15
57 114
30 66
89 187
145 174
185 17
161 77
170 37
145 58
161 150
58 53
9 141
191 117
18 144
86 142
20 160
178 138
60 88
93 15
197 15
118 189
103 54
80 128
101 89
95 34
179 87
71 5
163 171
191 159
195 18
173 57
112 108
187 190
163 158
200 172
147 9
179 124
139 28
99 196
93 151
63 69
19 173
59 118
20 186
8 28
108 36
43 161
19 66
1 144
164 163
142 25
5 43
190 27
193 179
94 11
197 5
30 3
55 80
57 25
195 179
30 163
66 144
57 192
195 80
60 130
191 72
51 5
102 15
103 136
28 111
15 74
49 192
196 68
197 6
101 51
89 11
44 138
138 136
105 93
114 79
117 15
200 74
78 191
30 137
170 97
163 69
170 52
176 86
144 112
114 123
100 174
92 2
143 120
188 86
145 29
164 145
191 183
55 60
145 63
190 59
161 181
160 145
56 114
36 9
17 118
9 132
178 145
170 64
25 200
193 144
190 188
106 93
139 79
19 192
30 75
101 129
30 179
9 5
196 147
19 193
19 6
86 85
63 199
5 47
122 130
185 123
112 70
15 5
144 178
113 53
178 23
161 92
178 151
30 200
193 139
103 92
20 145
190 142
172 108
179 151
158 37
185 170
28 42
190 126
73 63
80 49
27 200
30 102
14 29
144 126
101 53
123 57
192 73
80 130
48 120
158 11
138 7
100 47
29 195
197 10
29 11
15 34
18 54
85 151
142 71
151 79
179 163
134 138
83 9
123 80
50 114
191 39
100 29
165 200
170 40
160 89
41 92
185 82
21 195
138 3
14 47
125 179
127 5
122 138
165 163
91 194
72 86
112 99
114 75
112 169
72 92
122 196
183 170
108 82
30 135
190 9
144 74
1 185
184 114
195 185
89 26
126 179
191 161
197 78
120 161
154 101
17 20
85 28
120 22
149 86
101 191
108 92
134 190
175 178
60 52
62 161
20 183
108 151
137 118
185 84
185 70
145 98
92 34
100 120
37 87
53 26
53 6
117 47
112 41
11 77
187 9
5 55
136 191
107 30
80 108
166 63
30 57
53 73
15 40
131 185
42 89
114 82
118 150
111 37
116 112
100 185
97 190
20 49
68 120
186 179
18 164
54 200
200 190
163 193
128 194
145 105
95 195
126 101
101 48
92 120
139 9
171 53
15 185
139 184
84 5
188 195
26 190
11 43
18 48
161 114
19 115
163 101
60 185
11 26
96 145
144 99
179 151
186 197
194 62
34 136
18 36
194 195
5 33
5 57
82 138
86 61
100 34
36 20
154 196
161 108
181 15
101 11
195 53
28 177
151 18
80 22
179 103
70 15
142 87
93 101
34 78
120 200
112 179
89 152
17 161
190 62
61 161
13 108
164 191
145 7
120 27
134 20
185 91
18 116
29 78
53 142
42 60
112 125
93 114
80 167
40 144
18 57
86 163
80 130
18 29
133 112
157 89
92 182
161 171
161 12
72 15
57 38
165 191
118 18
63 47
133 29
63 161
53 150
182 197
26 19
80 120
74 5
96 101
66 112
185 100
183 60
195 150
18 66
111 144
143 114
13 9
28 124
28 185
78 118
196 48
149 151
37 148
44 120
178 33
200 77
29 158
40 163
30 194
93 103
34 47
176 178
34 74
86 199
145 118
195 73
29 63
58 161
30 148
145 122
35 151
149 142
98 30
89 46
53 122
18 145
101 190
56 5
43 108
116 100
20 171
112 79
81 108
181 30
199 163
184 192
37 112
200 118
97 186
134 28
175 195
48 108
34 118
138 63
155 92
68 89
145 88
78 100
3 18
161 116
10 170
151 92
86 5
16 196
37 114
100 138
63 184
193 170
30 11
171 200
84 112
92 87
183 114
24 86
103 23
100 112
93 4
47 72
102 101
28 89
130 194
9 88
57 53
29 199
57 147
195 192
183 145
145 46
154 93
37 151
143 57
85 15
57 14
131 195
178 37
163 60
15 150
63 103
63 23
4 18
145 185
1 112
65 185
135 151
200 100
14 200
87 11
87 161
62 191
103 135
38 196
120 32
56 34
20 10
126 9
93 172
112 64
197 120
145 179
185 9
145 87
163 185
2 80
37 122
97 81
5 131
5 13
45 178
191 71
92 106
53 46
127 86
99 108
95 9
142 2
37 100
200 194
15 137
184 144
151 89
185 60
88 15
30 187
114 28
22 197
84 100
127 53
142 179
101 117
47 9
60 106
179 100
13 101
102 29
153 89
184 145
93 89
196 42
28 182
177 161
183 47
163 24
92 50
30 132
118 33
92 5
64 30
151 142
11 88
159 89
144 170
13 161
194 190
53 170
174 178
144 130
144 59
28 118
185 26
166 145
67 178
111 161
103 154
20 136
165 93
161 188
145 112
10 161
177 200
98 57
79 120
103 84
63 45
64 97
15 61
29 149
14 97
97 103
93 138
60 194
124 47
156 108
151 20
114 124
28 145
53 82
196 126
97 15
92 100
73 118
185 134
76 118
178 196
150 185
30 9
129 53
154 53
15 68
89 25
96 86
114 185
31 89
116 15
119 29
97 95
29 194
20 129
134 196
130 71
120 151
67 9
5 179
103 108
84 18
85 9
139 55
27 34
185 42
139 99
89 92
48 190
17 196
86 30
142 89
130 138
88 178
92 89
118 39
99 114
28 29
69 138
37 17
15 62
102 5
145 93
195 100
80 96
42 101
80 101
163 149
178 185
92 15
111 93
48 145
126 192
60 133
144 47
130 68
54 196
168 28
69 108
141 200
161 28
139 159
185 86
30 76
9 170
164 29
113 19
182 103
30 153
138 74
150 103
93 10
15 76
10 103
37 50
196 74
86 157
109 196
1 34
25 197
195 173
28 95
95 92
132 191
47 108
200 145
34 101
57 160
64 145
175 20
29 22
80 38
91 18
169 178
100 148
163 162
39 138
111 200
117 53
197 20
114 52
16 19
36 145
130 23
118 139
45 138
139 34
179 152
100 184
103 87
29 46
144 163
170 68
144 175
200 58
81 20
145 142
103 162
131 37
144 97
142 123
124 37
139 63
101 15
193 118
108 189
145 144
192 125
171 103
86 44
142 28
177 103
144 34
38 161
89 100
15 183
43 138
57 107
57 11
96 57
118 157
191 8
5 119
77 170
111 60
83 60
170 134
142 178
120 103
93 114
20 140
3 192
145 148
63 148
16 191
80 117
55 89
191 53
50 5
101 189
174 194
188 57
37 175
57 118
108 194
84 120
19 42
118 108
52 89
138 22
190 20
179 60
200 163
34 22
184 92
80 170
63 130
47 151
179 46
108 1
200 11
101 29
155 47
191 128
82 60
190 141
64 197
129 200
66 194
161 64
118 175
144 151
102 185
194 43
114 3
191 181
112 121
49 112
129 142
118 195
192 47
89 85
142 181
86 118
138 130
161 14
89 48
118 92
142 118
114 194
57 94
151 157
72 5
92 93
169 11
48 103
136 163
183 139
103 4
31 170
161 138
8 130
66 170
125 195
106 86
28 144
167 130
127 108
100 19
41 144
106 108
185 195
111 47
18 63
180 19
98 11
97 135
133 196
55 30
93 170
191 190
106 97
91 178
103 15
114 144
57 111
151 73
97 125
93 42
101 172
122 194
30 125
179 10
130 28
49 145
178 193
145 140
139 106
95 63
170 189
9 119
190 28
108 143
91 145
196 105
53 19
60 100
142 91
185 101
185 138
114 164
200 60
86 36
191 127
141 120
182 200
142 153
187 196
101 80
20 90
68 112
53 52
163 2
72 30
110 34
28 185
179 168
129 19
53 187
89 3
89 138
89 77
172 34
9 200
195 146
108 91
139 74
15 124
3 195
10 53
129 29
30 23
91 34
93 51
128 145
112 189
76 80
53 140
57 108
196 98
103 70
28 80
144 14
172 142
132 28
119 15
145 102
144 178
156 86
56 30
191 137
151 130
200 48
37 110
57 91
112 139
80 157
182 108
5 91
144 29
31 179
180 57
41 170
173 196
132 192
145 179
89 74
170 151
45 191
157 53
19 58
118 139
29 41
86 191
175 15
20 184
30 13
184 200
62 195
108 57
20 91
130 177
196 47
148 92
34 5
163 139
7 89
42 139
163 1
69 191
163 86
37 49
183 194
18 161
175 179
6 179
87 29
151 23
176 112
68 197
13 196
15 122
6 194
163 169
57 37
145 10
200 105
92 101
145 79
192 127
130 187
168 100
28 170
34 85
132 92
168 30
200 145
197 144
53 74
107 100
53 11
120 35
105 37
161 170
190 160
195 166
92 52
184 103
185 164
57 114
145 15
139 82
114 170
92 111
114 118
34 169
43 200
23 108
117 179
103 169
41 161
105 190
144 161
151 92
59 19
52 63
150 142
156 18
119 179
196 136
28 194
116 163
60 50
101 36
142 134
197 67
196 26
57 48
141 93
182 196
177 19
97 20
30 175
126 47
161 37
49 57
63 26
136 37
20 78
163 112
185 18
178 76
125 114
116 144
151 100
63 43
86 155
128 195
154 19
89 98
37 190
60 57
163 41
125 142
93 53
190 97
130 142
191 93
53 162
197 198
179 108
120 31
30 65
63 190
86 165
20 101
30 40
179 190
40 19
190 29
2 47
101 165
11 62
5 153
3 57
18 57
64 89
103 56
116 53
185 24
36 144
4 97
172 57
5 87
57 63
179 65
93 181
93 185
158 63
100 73
53 166
151 190
196 51
62 151
57 69
9 181
197 121
163 16
159 5
142 23
80 10
114 30
8 5
80 187
169 196
151 55
165 89
37 60
20 62
80 102
11 196
66 118
55 53
170 156
114 138
126 37
93 25
41 15
185 19
138 49
89 144
151 77
162 200
148 34
47 142
80 72
190 18
23 161
47 18
66 34
86 2
117 93
155 118
163 172
200 106
89 37
101 130
185 74
67 5
138 101
31 196
174 86
132 185
95 161
161 137
152 112
37 86
45 120
118 75
191 12
12 200
186 200
196 65
23 185
78 37
30 91
65 138
91 28
168 170
74 37
89 179
93 53
10 11
67 47
60 11
71 80
114 126
47 82
139 30
47 8
191 30
178 132
163 80
142 122
176 139
191 97
147 53
195 170
22 118
47 97
144 85
105 80
53 195
29 128
139 152
145 97
118 101
168 138
192 194
192 16
97 6
9 137
116 178
125 151
101 82
163 57
139 189
93 187
93 66
63 70
32 9
30 111
142 160
40 120
139 19
80 172
181 101
114 69
161 138
19 133
33 108
103 89
15 101
19 132
24 15
110 170
161 155
97 93
196 41
53 174
126 142
33 18
42 130
168 34
114 48
111 139
110 200
186 191
139 185
138 144
161 11
167 194
185 151
56 9
40 139
132 53
199 120
18 93
195 106
19 108
150 192
176 30
161 86
118 50
63 34
128 97
152 97
52 197
179 15
151 86
57 171
57 161
13 145
130 107
174 144
130 131
111 170
138 32
35 139
151 103
196 60
73 37
199 114
55 130
44 89
61 170
108 60
37 138
80 153
91 93
19 200
112 178
103 124
173 60
196 90
134 161
195 1
92 47
5 137
101 37
10 178
92 117
57 76
170 149
163 170
17 190
138 141
80 42
81 112
19 94
67 80
142 144
169 89
124 20
192 95
161 133
75 196
142 77
100 158
37 33
13 53
150 120
178 101
20 47
194 161
84 53
139 114
37 53
175 185
197 40
191 47
28 175
19 189
187 86
131 30
27 103
139 200
29 200
188 138
165 112
34 197
182 80
144 76
163 145
173 194
116 11
161 70
57 28
101 190
52 151
120 33
93 23
118 42
29 56
49 151
144 185
121 163
83 47
136 178
170 34
103 100
144 125
196 152
17 101
60 28
145 171
18 138
142 143
9 130
161 166
82 18
139 45
71 114
19 110
195 2
25 34
170 145
20 52
18 136
114 55
49 9
53 197
20 37
108 114
195 112
110 92
144 199
20 142
86 32
75 86
197 24
139 52
143 5
185 9
186 29
38 97
53 5
185 139
191 106
92 75
63 22
106 170
144 51
108 97
33 144
86 148
64 20
32 57
50 34
20 11
170 137
145 60
108 41
194 55
49 30
108 3
191 94
117 178
57 99
100 132
103 43
10 130
194 160
191 19
142 93
84 11
96 138
170 178
30 93
89 70
7 144
139 161
45 196
103 64
194 149
80 60
135 80
93 92
182 86
144 196
152 170
118 68
169 53
127 200
177 139
73 80
19 118
4 192
123 151
144 71
37 169
155 145
14 63
138 178
130 1
86 194
142 138
120 62
18 28
80 15
138 118
145 149
103 80
91 47
176 97
170 190
163 5
28 41
192 37
145 94
178 28
139 18
27 53
75 11
120 169
4 195
9 18
199 15
18 146
118 80
178 151
149 93
181 118
186 57
25 29
47 36
40 11
72 89
28 51
119 108
112 153
114 60
108 44
138 77
59 138
144 190
197 35
142 167
139 103
155 60
30 186
15 99
36 200
27 20
151 183
153 28
89 184
6 196
114 151
127 163
126 28
47 141
86 18
80 107
151 51
151 133
108 71
134 192
47 175
59 196
18 167
139 73
38 20
8 163
104 200
142 165
174 30
91 120
130 53
148 151
25 9
19 37
34 133
138 13
73 178
68 144
92 161
57 45
179 103
75 178
9 78
56 15
142 43
195 92
29 127
191 1
93 24
53 155
114 132
89 95
148 93
151 142
16 151
57 178
107 161
77 63
173 29
74 179
195 59
15 114
9 40
49 5
133 101
114 171
93 139
20 139
14 100
28 37
133 5
73 60
101 27
185 56
134 89
31 197
92 159
124 108
33 185
80 150
103 7
44 170
19 86
161 26
42 170
92 166
19 2
161 60
78 11
46 15
38 179
37 184
142 196
181 151
80 43
103 128
53 20
112 34
20 143
114 112
108 139
163 194
49 108
102 18
190 57
101 118
112 118
107 192
120 184
29 39
139 33
58 57
147 161
122 192
195 110
170 105
22 93
200 28
15 182
34 15
92 74
192 18
200 10
196 193
144 105
61 60
132 163
200 61
179 66
29 108
55 191
200 124
194 101
60 116
67 196
62 185
169 170
112 175
83 103
86 116
132 57
28 197
130 11
181 163
178 141
194 118
130 25
94 89
101 63
80 106
145 163
181 29
143 89
48 191
55 118
38 93
120 49
61 19
101 132
137 120
20 73
161 123
191 92
20 89
50 142
100 67
193 57
61 92
101 106
184 196
15 87
19 159
100 189
20 93
184 163
118 200
23 101
118 122
96 89
30 2
166 18
97 34
170 116
145 101
142 57
20 200
13 28
76 63
108 120
14 60
200 125
149 20
152 53
112 132
145 177
163 114
80 191
164 63
112 180
120 107
25 47
76 18
194 10
11 68
29 47
51 57
3 112
108 58
157 28
14 145
100 128
105 29
191 29
70 138
163 7
19 9
60 175
89 180
21 197
127 112
181 20
194 78
115 97
191 85
48 197
62 60
132 11
11 33
85 185
142 118
114 33
60 172
89 58
200 34
99 170
114 196
163 147
53 120
86 185
15 138
47 42
97 134
100 27
114 77
93 183
110 18
139 80
163 37
5 163
20 197
101 156
53 181
47 159
172 191
112 181
144 15
178 114
170 124
47 161
185 145
121 57
144 176
175 29
96 60
107 34
200 59
120 19
97 200
30 47
181 37
170 5
158 139
30 29
190 193
130 192
63 97
11 67
80 185
118 24
19 169
96 190
93 164
19 126
30 114
66 47
178 127
92 163
14 114
13 112
176 114
177 37
185 107
27 197
133 118
142 191
100 169
60 102
2 151
179 150
170 194
110 151
80 179
139 170
105 185
173 28
139 30
190 71
194 7
181 100
143 197
192 153
187 97
57 144
4 138
74 120
93 145
161 101
60 49
196 73
56 101
4 163
89 162
93 174
45 170
34 153
200 158
197 100
108 88
174 37
103 29
116 130
174 101
181 190
173 130
191 158
166 190
20 127
91 144
30 147
82 151
80 152
5 114
190 2
9 145
111 86
163 161
34 80
24 80
100 192
29 176
100 42
63 200
194 101
34 64
65 100
61 108
179 149
151 189
59 53
46 11
199 9
34 192
71 11
81 80
191 74
197 155
47 99
145 70
4 114
151 94
120 86
192 163
92 198
57 177
179 173
112 184
146 200
30 85
28 61
133 178
120 29
83 86
46 103
134 151
67 57
101 19
194 15
145 186
57 105
124 101
86 193
166 34
34 164
153 19
93 153
56 144
138 42
100 53
91 15
4 112
138 9
144 54
81 89
167 163
190 184
192 76
174 130
51 178
144 92
102 53
92 8
193 30
18 180
28 17
130 37
139 37
28 84
111 191
94 163
170 128
18 15
178 185
154 29
29 196
84 60
200 16
92 47
185 141
127 89
37 7
172 185
134 63
191 193
185 168
163 187
77 9
195 137
107 114
33 142
92 128
117 19
114 149
57 170
185 157
194 142
178 63
44 15
36 192
144 136
188 145
30 80
200 144
195 42
97 29
174 192
131 86
15 53
9 33
149 57
89 117
114 115
190 114
9 157
185 138
15 142
32 97
161 185
197 45
66 92
142 37
12 179
189 18
132 138
24 37
108 17
20 95
168 80
31 161
130 156
9 194
112 58
97 92
29 130
19 48
30 122
194 92
192 72
37 9
97 131
166 103
196 110
194 108
159 185
196 151
71 30
47 194
68 195
11 114
138 51
53 156
149 103
34 51
37 196
197 114
19 98
133 86
120 173
93 102
2 101
29 53
177 192
100 43
172 179
139 174
103 123
108 31
118 18
112 170
7 118
151 194
116 194
153 29
89 41
29 174
197 157
178 4
47 100
107 163
137 80
103 151
34 122
28 110
23 11
145 130
175 5
128 19
134 29
24 200
108 163
15 83
174 190
120 144
193 15
114 68
168 103
69 18
166 37
92 18
93 28
83 145
198 130
67 191
53 176
200 142
18 145
138 120
70 194
65 194
153 97
32 37
130 111
150 112
195 41
63 176
27 139
97 1
22 89
89 24
37 120
37 129
9 94
130 128
120 93
194 32
128 138
139 200
76 86
60 70
66 37
150 139
60 34
101 97
188 37
159 170
97 142
18 171
197 162
129 194
108 168
135 142
46 37
196 57
53 48
9 197
120 156
130 95
129 92
29 35
144 142
93 147
9 125
96 97
116 179
125 170
160 196
161 130
77 93
144 127
195 143
47 37
118 1
15 106
126 103
155 185
149 37
63 94
143 19
92 34
19 120
9 37
176 130
161 112
190 123
129 9
101 95
194 57
34 72
145 9
137 145
16 15
15 71
77 120
145 65
154 89
103 52
18 178
25 101
132 196
139 7
76 163
185 181
86 110
47 57
182 60
139 66
11 137
163 48
144 2
169 30
191 79
88 194
28 107
112 118
82 57
139 199
38 151
183 97
85 29
99 195
170 107
155 93
194 53
142 170
100 55
148 29
187 101
119 197
47 172
150 197
161 187
163 151
117 185
108 89
151 22
60 118
8 142
40 28
38 18
108 53
170 27
172 144
100 57
182 11
60 184
37 61
120 42
194 82
53 124
51 9
10 142
69 139
7 200
30 15
80 112
190 125
181 47
151 160
28 5
116 196
127 179
80 61
40 5
7 34
47 55
183 108
9 166
188 60
60 32
192 96
52 179
97 154
18 155
187 191
80 95
190 130
75 108
63 139
57 136
23 53
18 21
73 194
97 13
146 196
60 142
135 47
33 19
60 29
139 153
86 39
29 183
147 178
53 92
61 29
161 11
197 63
103 197
92 123
195 90
144 3
48 86
11 34
185 72
137 60
179 189
89 163
178 72
175 19
92 122
93 119
1 80
190 182
155 30
69 29
44 97
129 57
97 149
35 114
129 30
50 28
103 30
18 147
23 179
56 197
100 167
151 15
163 77
112 126
137 108
106 114
130 17
18 139
130 63
77 178
137 192
169 5
92 13
114 193
63 124
76 89
37 199
161 48
71 161
86 52
163 79
71 60
200 192
176 142
32 142
18 131
3 139
2 114
112 140
194 144
20 85
200 151
179 128
11 92
157 34
19 68
136 185
103 116
126 60
93 63
85 97
2 37
125 20
35 30
24 130
89 170
100 22
108 34
132 20
200 32
80 154
86 123
67 60
34 151
145 72
106 142
118 144
178 100
30 57
63 128
150 163
18 191
120 12
120 175
199 11
144 155
145 133
28 145
27 185
18 150
138 163
86 27
53 179
76 11
19 131
93 86
101 91
31 112
98 97
79 86
28 174
200 69
197 176
80 74
184 197
163 9
108 136
114 67
170 142
173 114
199 118
139 151
197 69
109 89
65 18
80 84
34 18
178 183
114 27
59 97
182 194
80 11
75 197
110 130
19 50
5 176
86 135
83 192
158 19
194 191
93 75
139 165
27 89
145 1
53 186
169 144
70 57
143 200
23 194
34 128
41 151
17 97
11 60
130 44
20 31
194 143
130 34
89 79
98 103
99 138
119 20
125 18
114 148
103 133
19 95
83 53
194 9
46 57
178 157
60 178
46 20
34 185
101 185
139 142
34 147
195 102
195 116
29 123
126 80
194 28
76 161
93 179
86 68
100 34
9 5
34 185
80 188
94 97
5 139
89 5
93 63
176 108
57 197
108 123
100 144
56 138
37 5
120 17
100 161
13 151
123 30
80 5
47 44
138 190
95 18
118 103
151 34
50 191
15 63
100 172
97 192
177 30
100 17
23 92
192 9
112 93
103 157
170 147
24 112
160 15
18 10
178 122
93 15
18 5
117 163
91 200
120 163
62 80
170 103
194 124
185 80
139 156
192 148
192 52
97 142
88 191
57 89
197 151
178 29
199 19
158 142
70 197
178 47
127 197
110 93
9 196
9 158
18 109
18 61
108 86
28 64
185 3
30 142
103 105
86 173
49 18
151 61
188 178
20 51
100 188
22 144
57 195
145 109
139 161
92 84
53 139
34 61
193 93
2 138
155 195
55 190
192 172
103 172
27 118
47 65
86 125
63 119
18 128
179 50
63 11
178 5
100 15
196 138
190 197
89 146
163 174
80 148
139 107
66 53
191 105
188 93
108 28
150 5
139 59
127 63
50 47
139 92
89 113
44 191
92 154
112 191
63 137
63 105
97 167
131 63
156 15
142 45
191 56
138 85
190 43
19 147
130 100
200 85
136 101
34 130
22 37
9 91
87 63
65 144
196 92
194 61
92 165
169 108
47 105
73 15
34 112
200 132
197 159
92 114
111 11
28 151
63 49
120 25
56 28
123 9
36 92
30 157
18 58
52 194
23 89
100 79
166 194
197 156
191 96
9 89
147 130
190 157
139 78
190 112
5 122
139 57
118 97
197 131
60 8
185 190
92 172
119 37
151 138
40 145
80 160
97 7
161 99
119 196
195 140
89 80
193 194
20 44
18 37
192 136
22 101
152 191
28 131
134 30
139 131
189 144
30 83
23 97
16 20
192 62
154 163
45 192
163 100
160 9
178 44
86 20
57 28
129 63
13 114
1 9
120 66
117 20
96 112
94 114
30 43
134 37
165 29
130 73
191 7
41 178
93 135
30 51
117 197
185 63
11 83
139 110
117 60
45 93
159 20
58 163
170 98
139 93
103 142
103 55
15 133
103 180
15 139
93 37
150 34
114 95
200 107
164 103
126 161
156 28
156 19
200 40
8 151
103 49
37 36
181 145
115 195
96 179
195 36
76 101
38 53
161 34
28 2
163 196
86 95
34 178
145 193
185 124
170 92
130 126
192 117
68 163
108 66
92 53
194 118
114 120
47 129
99 130
197 71
74 195
187 197
197 61
107 101
179 32
80 196
46 28
101 75
189 190
103 62
112 144
50 100
63 25
40 142
76 5
195 176
139 143
47 37
36 53
114 180
164 120
53 114
198 196
118 32
138 9
118 110
161 124
18 196
154 18
197 177
179 161
60 200
100 118
142 62
114 154
143 196
55 86
165 28
112 57
57 59
160 60
170 56
144 60
111 108
144 15
86 167
127 97
35 103
192 79
6 114
15 151
17 92
11 195
62 86
22 28
188 29
7 19
94 20
179 121
63 30
185 133
170 114
190 178
63 117
34 89
170 118
18 152
76 130
55 93
195 187
34 156
103 191
15 57
184 185
200 114
78 47
92 145
37 164
84 196
197 93
16 114
25 139
151 50
193 130
136 195
20 33
30 128
106 145
53 37
11 193
27 178
200 30
97 71
5 26
112 128
194 8
57 187
87 34
28 20
76 28
196 135
4 57
144 26
107 89
150 11
158 57
103 195
97 33
192 111
100 130
80 35
28 75
11 123
79 20
15 167
84 57
154 57
20 14
185 151
151 139
144 10
29 20
112 151
156 190
1 120
200 70
34 24
108 120
144 97
68 97
86 15
47 13
161 93
118 125
178 60
89 106
190 195
143 97
8 139
20 55
196 46
92 63
178 70
120 126
97 175
170 102
184 97
43 178
30 172
11 151
125 11
118 151
105 86
76 34
139 29
4 19
63 190
63 8
195 148
17 151
192 88
153 144
122 93
80 87
185 92
30 6
53 105
112 143
29 117
60 105
167 30
34 142
134 92
47 188
82 130
15 189
115 103
191 87
136 179
142 133
142 128
185 129
197 41
158 53
20 69
30 141
135 37
42 18
194 133
150 191
18 140
5 79
5 37
160 28
18 111
182 9
174 114
145 97
63 97
76 179
15 149
101 66
200 175
184 80
86 7
93 178
173 103
130 145
138 114
34 49
192 78
14 120
129 144
197 112
61 30
151 105