40
32 22 30 38 29 39 30 39 31 26 32 27 32 24 35 34 26 24 20 21 25 25 20 36 26 22 25 31 28 32 38 21 33 24 35 38 28 28 31 40
8
22 46 23 23 35 24 22 20
395
19 38
19 10
8 35
26 27
36 11
39 19
10 31
9 10
1 36
32 35
25 3
34 2
11 32
24 38
39 27
17 2
10 23
11 21
22 7
26 37
35 17
27 36
23 31
37 21
6 36
2 22
10 17
21 2
38 36
11 13
5 2
4 26
39 26
3 38
21 39
39 1
5 26
39 23
31 38
4 2
38 18
21 38
39 16
18 11
30 35
28 38
28 11
33 25
31 37
22 36
4 10
13 36
36 19
38 4
38 34
36 34
20 26
34 26
37 39
38 14
31 2
28 21
38 33
32 31
0 10
26 16
5 10
12 28
37 38
10 36
11 3
36 32
35 34
31 0
9 38
35 2
12 21
36 18
10 7
7 13
18 26
33 11
35 9
25 39
10 39
3 28
6 38
15 10
16 36
39 17
32 38
7 15
18 28
11 0
14 25
2 7
11 2
29 31
36 35
38 0
36 12
7 36
14 35
28 13
38 30
1 25
0 2
39 11
39 36
35 33
28 5
24 2
26 33
0 36
34 39
24 35
31 3
4 7
26 15
31 1
24 11
35 31
37 36
14 10
31 30
38 17
9 2
26 30
26 35
25 16
25 32
7 39
11 26
20 7
7 9
19 35
38 29
32 26
16 2
25 10
25 26
7 5
36 2
20 35
8 36
39 28
11 1
36 29
4 11
7 6
38 22
20 38
11 34
26 13
7 34
4 36
22 11
18 39
31 12
10 18
21 35
35 11
25 28
20 25
6 11
17 28
2 6
2 3
3 10
14 31
19 21
7 0
39 8
11 9
10 2
37 10
2 1
11 19
39 2
30 21
11 30
32 2
36 14
27 7
29 39
7 24
7 35
37 25
37 2
36 20
1 7
28 32
7 26
13 35
36 15
28 24
7 23
10 28
6 31
12 2
9 31
30 25
15 38
24 39
13 39
25 15
29 26
8 2
32 39
25 13
15 11
20 31
36 23
11 16
36 21
6 25
18 25
13 38
0 35
35 22
17 7
5 31
12 26
31 8
37 28
12 35
8 26
38 7
33 36
39 12
26 19
33 31
31 24
31 26
8 25
10 8
9 25
7 25
25 29
15 2
12 10
21 13
11 10
13 10
38 10
17 11
14 7
9 26
9 36
9 28
30 10
35 23
26 22
26 17
30 28
31 13
22 21
26 0
25 27
16 35
22 28
7 16
8 38
28 6
3 36
14 2
15 31
26 21
27 10
23 11
11 14
11 25
14 28
30 39
37 11
2 18
28 34
7 3
24 36
12 25
30 7
7 18
36 28
39 38
26 38
11 29
21 7
39 35
28 16
25 21
39 31
34 10
5 39
11 20
16 31
23 25
32 7
13 2
14 26
10 26
36 25
2 20
31 27
29 35
25 35
33 2
39 20
15 28
22 10
10 16
24 26
32 10
25 5
2 30
11 8
26 36
25 24
16 38
35 28
28 33
7 29
28 23
27 35
28 8
4 35
28 20
4 25
39 0
6 35
23 26
39 3
27 28
31 11
38 25
7 31
11 12
6 26
4 31
39 14
33 7
2 29
26 1
24 10
2 28
38 23
19 28
7 37
21 31
7 28
18 35
39 9
26 28
27 38
23 21
10 21
35 10
10 33
11 38
28 31
29 28
2 26
1 38
38 5
5 35
1 28
35 38
3 26
5 36
25 2
0 28
7 19
2 27
10 29
19 2
10 6
31 18
8 7
1 35
25 0
36 17
39 22
30 36
3 35
11 27
39 6
31 36
11 5
12 38
39 4
20 10
15 35
23 2
11 7
1 10
35 37