40
23 31 30 29 32 22 35 26 36 23 32 20 31 35 22 25 33 28 34 24 25 38 37 26 33 38 20 28 20 29 27 24 30 23 36 37 37 21 25 30
8
20 26 24 47 32 44 22 41
345
31 33
8 14
10 33
36 26
33 20
33 39
10 37
9 14
40 35
2 33
4 30
13 31
31 19
34 28
18 38
33 25
9 30
5 31
30 25
24 3
12 31
33 15
24 10
2 30
14 10
24 38
26 7
39 10
14 36
29 40
26 24
1 10
27 40
34 14
15 18
15 10
8 9
29 18
28 26
18 26
2 14
26 30
10 3
5 34
3 18
1 30
39 26
14 24
33 9
18 17
14 25
33 8
40 10
34 1
22 24
18 12
38 31
25 31
31 28
15 40
26 14
20 18
31 24
40 39
23 31
14 18
12 40
18 35
33 14
24 2
18 33
1 40
30 40
10 21
14 29
14 39
6 14
38 26
24 12
2 26
40 6
9 18
1 14
40 7
9 15
24 7
24 18
26 18
17 14
31 37
15 34
40 28
28 10
30 40
12 14
26 24
18 31
10 8
26 9
2 34
14 40
10 32
26 33
26 31
16 30
10 4
31 40
24 30
37 14
33 1
9 40
40 34
34 18
33 38
31 2
33 34
27 14
31 27
26 13
21 33
32 18
31 14
23 34
7 31
33 13
31 35
31 34
27 24
9 6
6 31
28 24
17 9
30 5
24 21
5 40
37 34
32 9
12 33
30 14
34 26
34 9
10 20
18 14
23 30
30 24
14 30
17 26
34 6
9 22
4 24
9 37
13 30
9 30
33 31
3 9
11 9
3 26
33 34
34 27
21 40
26 14
9 21
17 30
14 28
14 3
23 18
24 18
40 13
38 30
14 13
9 24
2 40
27 33
40 36
8 40
29 30
10 34
18 33
40 37
29 9
17 33
24 23
9 28
3 34
40 38
14 38
18 10
31 40
26 30
5 9
37 30
33 35
31 15
36 31
30 10
32 33
29 31
4 14
29 26
18 28
40 26
27 9
30 12
34 7
26 35
40 23
35 14
10 31
10 11
18 7
9 13
34 29
26 33
26 4
22 33
33 7
23 33
9 24
9 20
34 8
10 26
31 9
9 36
34 38
9 26
23 9
7 30
9 1
30 31
5 24
25 40
36 34
24 40
30 31
16 31
33 24
20 40
9 14
16 14
8 24
4 18
4 9
40 16
9 25
34 40
18 39
18 27
40 24
30 28
23 10
6 33
28 33
14 22
8 18
34 21
20 24
9 33
6 18
27 10
36 10
18 1
18 40
13 10
31 17
18 10
7 14
17 40
5 18
27 30
31 4
14 31
5 33
12 10
34 18
24 17
18 22
40 22
31 3
13 24
39 31
31 22
14 33
26 40
34 16
30 36
22 10
31 21
25 18
33 24
5 10
23 26
25 10
24 16
20 34
1 31
9 40
16 33
26 6
9 18
34 9
5 14
34 24
18 16
30 33
10 29
24 14
18 40
34 30
2 18
8 31
8 30
24 6
21 18
31 24
30 39
14 40
18 37
15 14
33 30
39 24
13 18
34 12
6 10
4 34
30 20
21 30
30 3
33 29
18 11
30 6
33 37
20 14
36 18
31 34
23 14
27 26
31 9
10 17
22 34
33 36
39 9
9 12
30 22
31 18
20 31