20 4
38 34 36 37 32 25 40 34 40 30 39 27 26 35 22 36 27 36 40 29
33 36 48 35
133
16 7
7 17
20 15
6 18
2 4
19 6
16 8
5 10
16 10
19 5
7 8
4 6
2 10
8 18
6 16
15 12
1 16
11 16
12 2
2 4
8 13
11 6
5 2
14 8
20 4
16 8
8 2
6 2
7 20
5 17
11 2
16 3
16 12
16 4
18 7
2 8
13 7
7 16
4 5
1 5
8 6
2 11
3 12
7 14
12 8
1 2
5 12
10 7
20 6
20 12
11 7
5 3
9 12
14 11
12 18
1 7
13 5
15 2
8 7
2 14
4 12
20 1
16 2
9 11
4 20
11 1
6 3
19 4
4 11
12 19
20 2
4 8
12 11
17 6
8 6
20 2
19 8
5 18
12 7
16 18
16 20
20 5
3 20
7 2
15 16
15 5
20 14
8 1
15 8
18 11
16 20
5 8
16 4
14 6
10 6
12 11
5 12
5 20
5 2
16 2
12 20
4 12
5 11
16 11
4 8
5 11
20 19
6 5
15 11
7 19
8 5
8 17
9 6
4 11
16 19
8 3
7 5
3 2
14 12
6 12
11 19
8 12
7 15
16 13
5 6
20 18
12 16
5 4
10 12
1 6
2 12
2 13
7 4