200 20
30 37 22 40 32 33 32 24 29 25 39 25 24 27 29 27 21 20 25 29 32 40 30 28 34 36 25 25 34 35 36 20 21 25 23 28 26 39 29 36 30 24 39 39 32 26 36 31 30 39 21 30 40 36 40 26 29 25 36 20 39 20 36 21 23 27 31 22 33 24 37 23 21 31 39 36 20 23 23 39 31 24 23 39 22 20 25 33 25 40 25 22 33 39 33 35 37 29 28 24 29 30 38 40 32 31 22 32 40 31 23 36 29 35 29 24 27 38 39 35 27 27 24 31 22 35 21 36 21 38 40 28 32 28 35 33 30 24 24 35 23 29 26 36 29 25 23 35 28 39 25 35 24 29 24 23 35 36 28 27 20 38 21 31 39 38 40 27 26 22 35 40 33 26 29 22 21 37 36 34 27 25 31 38 26 23 30 30 22 37 21 28 36 30 20 36 36 32 37 27
28 28 46 47 22 36 28 43 29 26 38 42 40 29 22 23 40 37 35 30
1615
143 89
158 190
156 77
187 191
191 151
38 128
119 158
110 158
19 191
190 139
42 174
146 128
13 190
174 6
94 191
158 62
183 158
92 189
171 190
158 114
84 190
191 138
152 158
158 113
89 93
63 156
64 174
145 191
188 158
190 68
191 30
89 25
121 55
121 93
49 89
190 53
191 73
73 189
189 180
95 89
191 44
25 174
92 158
128 30
18 121
66 190
197 128
160 128
163 128
47 174
158 96
190 79
121 19
37 174
19 128
128 117
10 190
91 128
189 136
89 137
128 99
35 190
125 174
89 60
191 1
109 128
191 188
191 190
120 190
99 89
128 126
158 31
70 191
94 89
154 191
123 128
121 184
190 92
189 108
82 190
185 189
83 158
62 89
189 5
156 110
27 158
190 118
189 95
121 198
128 118
174 148
14 191
174 34
153 191
158 127
158 166
123 158
191 28
49 158
121 129
156 89
128 55
185 158
78 189
127 191
189 12
177 189
66 156
187 158
49 189
48 191
82 174
8 121
128 191
174 134
99 189
156 48
156 2
71 156
147 121
17 191
84 121
14 158
121 77
182 174
20 156
88 174
128 25
130 189
89 6
174 86
89 186
191 125
121 92
121 115
88 158
121 44
158 1
190 88
121 120
70 89
184 89
98 121
47 191
100 174
190 141
116 128
52 156
174 80
168 89
158 34
156 131
191 27
190 147
153 158
32 189
128 173
26 191
194 174
89 8
101 158
121 87
189 171
191 152
191 56
32 174
121 13
178 156
174 39
13 89
13 158
189 87
174 92
156 32
93 190
128 152
174 189
121 43
130 174
198 89
191 137
173 156
172 158
190 109
165 190
89 150
8 174
156 129
190 72
126 191
128 189
26 158
31 89
174 121
65 190
156 196
190 197
106 189
158 9
156 53
121 173
103 158
68 121
64 121
121 45
191 147
174 128
113 128
121 166
124 158
158 54
190 30
111 189
161 89
17 121
121 74
186 191
173 89
132 89
42 89
190 89
156 142
2 158
156 113
77 89
128 181
79 191
156 181
189 1
3 89
189 148
128 157
102 174
191 158
190 99
89 121
17 189
55 156
128 110
89 82
189 44
128 22
162 191
19 158
189 37
10 89
85 128
128 50
144 121
82 158
89 96
156 1
45 89
174 78
87 156
101 121
121 191
96 156
189 141
191 171
79 89
137 156
191 112
47 190
91 174
128 7
174 159
121 6
108 158
132 158
189 104
199 158
89 17
89 189
156 45
91 191
21 158
174 171
128 84
89 55
189 156
123 121
105 189
81 174
158 98
54 189
170 158
158 51
121 159
49 121
191 15
42 121
83 89
56 89
191 124
198 190
198 191
156 81
191 181
158 102
121 46
156 147
189 25
120 191
191 2
85 191
190 132
156 170
189 107
142 174
140 128
183 191
135 128
59 174
191 75
89 85
18 190
143 128
158 156
189 183
121 67
190 179
190 178
178 89
175 191
164 121
106 128
156 125
191 196
131 128
174 23
189 97
121 33
190 83
189 102
153 190
191 99
122 89
121 7
174 161
178 191
166 190
174 60
89 153
156 157
125 189
16 174
50 174
52 190
190 2
97 128
191 74
89 174
128 127
14 174
156 187
191 45
174 19
191 157
121 40
92 89
98 174
163 158
189 18
169 121
174 44
150 190
49 128
156 4
158 194
128 158
174 76
89 142
191 168
168 158
158 195
89 119
158 165
128 80
160 191
142 121
186 158
95 158
189 169
152 156
170 89
46 156
174 17
189 34
182 191
191 95
191 156
191 199
180 156
190 33
39 190
126 174
190 133
142 158
156 101
189 133
121 113
64 156
29 89
190 156
121 170
119 128
6 189
130 156
45 190
174 10
189 4
121 154
158 136
165 189
191 52
128 183
62 174
121 11
191 51
16 89
121 71
121 52
156 175
25 121
180 174
160 89
190 74
89 145
47 158
158 134
128 65
56 190
128 134
174 72
1 89
40 174
5 190
147 158
191 139
156 134
156 68
128 170
191 12
158 30
51 190
80 156
148 121
190 127
189 91
53 191
100 158
160 156
11 174
158 55
121 65
176 121
174 46
106 121
189 33
128 100
62 189
101 191
144 156
128 141
195 121
114 156
190 42
158 190
151 174
89 22
29 189
61 174
174 121
156 162
121 29
76 121
190 122
22 156
128 15
89 116
103 121
190 164
161 156
55 191
141 156
191 169
190 100
89 48
89 179
158 97
28 158
175 158
174 33
162 190
115 158
189 81
98 156
22 121
128 5
128 51
158 86
139 89
200 190
174 165
191 40
156 177
121 50
170 189
89 100
95 156
18 156
158 67
199 189
108 174
7 189
189 16
47 189
190 9
12 89
128 162
174 141
103 128
189 184
127 174
4 128
44 128
3 191
104 156
190 91
177 128
190 161
190 193
166 191
59 156
48 121
191 114
121 200
174 193
105 190
89 197
71 190
165 121
129 174
174 138
25 190
100 191
128 26
174 158
121 172
191 66
84 158
174 85
86 121
190 116
89 4
128 186
89 24
189 110
156 150
89 172
121 149
2 174
156 99
174 122
156 26
156 121
89 154
156 33
191 93
189 186
189 150
191 135
156 128
171 158
25 156
69 89
150 191
150 158
75 128
136 128
110 191
190 75
121 107
89 74
69 189
190 27
151 121
64 190
59 191
128 82
20 89
50 158
158 122
174 128
23 190
188 156
83 191
89 88
17 158
178 121
190 103
174 113
158 93
190 108
174 131
143 191
53 174
89 32
113 191
158 174
169 174
89 187
158 107
121 136
89 112
118 156
26 89
158 182
128 154
156 185
158 144
89 171
154 158
174 94
77 128
156 89
9 121
191 13
44 190
179 156
156 21
153 128
159 156
190 129
188 121
76 158
136 156
174 83
174 52
89 194
128 35
35 174
118 158
158 149
189 98
61 156
191 35
158 18
124 156
190 168
57 156
128 34
89 200
61 190
101 190
146 174
78 191
156 60
160 190
97 89
156 90
30 156
196 190
174 109
189 77
156 122
189 59
156 11
121 12
189 41
174 68
121 14
148 156
162 121
190 81
92 156
61 89
158 24
67 156
190 55
10 158
128 41
128 62
104 190
189 119
189 88
158 80
39 191
132 174
123 89
74 128
189 142
51 174
177 190
191 11
128 68
66 89
128 155
154 189
190 17
111 89
156 135
38 158
171 156
152 174
174 75
121 134
144 89
99 158
132 156
121 85
97 191
7 190
128 70
188 190
80 190
158 72
133 89
133 156
158 94
16 156
150 174
158 112
46 190
121 61
15 174
105 89
156 120
174 57
121 4
2 128
193 191
128 114
146 189
163 89
117 174
98 89
128 53
57 89
54 156
191 43
191 149
174 58
190 1
191 33
174 190
156 176
138 190
164 174
155 121
189 195
76 156
70 174
171 121
196 128
64 189
189 93
89 191
128 180
190 149
191 23
156 165
49 190
174 191
156 169
199 89
194 121
145 190
156 74
174 114
89 53
62 121
191 37
24 174
12 174
109 156
64 191
189 190
189 75
89 134
121 186
158 173
33 89
156 197
12 156
149 189
81 191
191 141
174 156
105 191
71 128
62 190
89 113
87 174
127 121
69 174
67 191
191 180
121 41
128 27
156 36
170 174
190 159
71 89
128 195
190 86
80 191
158 180
189 35
159 158
190 154
174 139
174 145
156 29
146 190
6 191
54 89
191 102
156 62
52 158
191 200
189 128
89 162
92 191
167 190
156 168
103 191
158 111
81 128
121 81
29 174
174 195
107 128
158 106
190 121
31 174
182 89
89 68
189 114
158 116
128 73
48 189
128 66
146 156
156 49
191 50
191 131
174 166
54 174
189 94
191 7
174 153
128 159
2 121
10 121
158 41
191 20
187 174
120 174
121 132
89 84
101 128
174 27
71 189
96 121
18 89
128 178
191 76
23 156
163 189
137 190
58 189
121 110
121 73
158 169
151 89
38 191
189 23
128 111
191 185
128 125
158 69
133 158
121 130
4 190
128 105
177 174
158 59
190 8
158 48
189 70
121 54
88 128
191 8
89 114
140 174
128 79
26 190
90 191
156 6
158 89
128 149
25 158
158 6
89 166
89 138
158 131
174 172
73 89
107 191
48 174
30 89
20 190
89 39
174 186
180 190
156 47
9 156
156 199
151 190
61 191
93 156
128 78
89 167
184 156
156 102
191 144
121 199
174 89
89 193
59 89
103 156
88 191
160 121
144 189
189 143
89 11
190 36
190 15
126 190
66 174
193 128
172 190
174 65
158 155
181 89
89 72
162 189
121 91
89 108
15 189
158 109
77 190
174 18
56 174
189 31
158 57
174 163
158 11
121 31
56 158
58 156
128 198
174 36
184 190
189 50
81 158
189 166
158 40
94 156
8 189
37 128
158 44
190 22
121 153
121 75
86 128
89 165
128 21
31 190
154 156
190 50
163 121
99 174
190 134
171 128
3 121
158 73
190 117
17 128
123 190
28 190
147 174
197 174
118 189
167 128
156 107
128 161
174 179
174 96
158 15
190 12
121 131
174 115
191 148
156 44
89 76
189 72
156 75
174 49
174 155
191 184
187 190
195 156
189 56
155 190
156 119
131 89
191 158
156 190
190 195
135 89
174 143
40 128
185 128
128 169
89 5
79 156
189 2
151 189
111 156
16 158
156 28
82 121
89 176
128 3
172 156
191 41
191 179
191 89
68 158
128 52
40 190
121 183
125 190
158 5
174 112
60 190
156 84
22 189
47 89
158 178
10 156
108 156
190 131
49 191
164 128
121 105
172 128
158 8
158 74
56 128
3 189
189 168
163 156
158 87
65 89
174 118
128 120
98 191
121 26
21 121
89 15
165 128
189 57
121 37
78 156
156 128
81 89
191 104
70 121
191 122
174 20
189 30
121 187
89 196
160 189
121 168
158 200
176 128
174 74
36 121
190 78
189 74
189 131
89 127
191 34
169 89
158 151
42 158
29 190
133 128
186 190
191 123
190 182
43 89
47 121
71 174
121 58
89 41
128 94
40 89
128 182
191 68
191 155
163 190
190 57
158 7
36 89
89 120
128 93
174 162
121 97
174 191
24 121
121 161
3 190
158 78
39 128
47 128
18 128
189 175
121 156
15 156
158 105
121 100
19 156
190 98
121 35
121 119
174 38
158 128
12 158
121 185
4 174
194 156
181 121
189 84
67 128
197 191
174 106
128 89
181 158
124 190
164 189
156 38
54 191
189 38
174 103
190 143
189 60
89 115
121 112
113 190
130 191
156 158
121 27
89 195
58 128
191 46
189 65
124 128
190 121
128 87
174 198
189 120
158 164
174 63
139 158
128 36
128 64
128 29
183 156
69 121
123 174
174 135
89 52
105 174
121 60
190 152
156 31
152 189
158 70
174 43
97 174
89 148
51 89
156 56
104 121
89 121
125 89
174 26
1 174
15 121
191 82
89 109
190 136
158 63
139 128
161 158
95 190
89 140
14 189
191 63
189 200
89 50
21 190
194 190
121 56
51 156
191 189
28 121
191 119
191 72
189 67
89 190
173 190
36 158
175 89
55 189
128 98
137 174
112 156
149 156
196 174
44 89
156 115
177 158
121 59
167 189
174 149
69 156
158 4
189 83
104 158
158 37
110 174
158 33
88 156
156 3
23 128
188 128
183 190
16 121
145 156
116 191
190 85
97 156
167 156
121 114
14 89
140 190
148 158
189 80
190 11
140 156
128 83
121 53
191 115
118 121
9 128
189 156
188 89
190 169
89 136
5 156
135 190
156 117
189 123
128 42
176 189
20 128
22 158
11 128
53 158
128 8
179 128
89 46
189 194
190 114
190 170
91 158
156 191
189 161
104 128
92 128
128 33
89 80
121 152
121 139
191 109
121 20
143 158
48 190
190 119
17 156
89 78
156 37
35 89
190 32
107 89
20 158
1 121
121 141
96 128
189 51
190 130
160 174
156 43
167 191
28 128
110 190
145 128
156 34
146 191
191 21
1 128
130 158
189 26
121 177
185 190
158 71
24 190
158 3
86 189
58 191
189 27
190 67
191 84
190 97
189 181
173 191
128 108
164 156
174 73
156 193
190 111
191 165
140 191
156 7
174 175
23 89
7 89
158 85
94 190
138 128
174 185
89 158
156 41
34 190
128 12
5 121
168 128
174 154
184 174
96 191
24 156
121 39
191 16
190 174
191 118
96 190
147 128
158 75
189 147
57 191
126 89
121 108
184 128
156 86
191 132
121 30
121 80
111 121
183 174
191 24
128 43
176 158
158 64
156 106
174 84
75 89
189 173
190 148
149 89
174 9
174 176
189 178
96 189
128 150
174 22
133 191
128 60
102 121
187 189
39 156
9 191
190 38
121 99
121 88
158 39
128 130
150 121
189 109
60 158
172 191
128 69
146 121
128 132
174 41
158 43
190 41
174 116
76 189
170 191
113 189
89 155
121 128
23 158
101 174
121 51
156 72
191 10
128 61
79 174
198 156
23 121
25 191
189 127
174 13
156 200
138 189
158 90
30 174
174 107
86 89
190 70
174 199
89 90
174 189
189 100
156 91
190 37
155 189
158 61
156 14
158 77
194 191
89 189
191 71
116 121
189 85
111 191
189 82
158 46
121 38
31 128
89 180
128 48
72 128
106 190
164 191
10 189
121 124
103 89
65 156
121 167
191 87
129 128
189 46
2 89
158 58
158 198
143 156
89 159
121 63
158 167
191 108
89 104
156 50
120 158
101 89
55 174
10 128
89 38
121 95
189 52
190 19
189 172
191 69
174 124
65 191
117 191
89 21
43 189
125 158
22 191
176 190
6 190
190 191
185 89
129 89
141 89
128 24
121 133
180 121
85 156
189 42
121 128
194 128
40 156
83 156
13 128
87 190
136 191
45 158
167 174
160 158
156 166
191 134
57 128
158 35
128 166
58 190
191 4
95 128
83 121
174 156
5 191
78 121
29 191
89 152
29 158
42 191
128 187
89 67
32 121
141 158
128 137
156 105
189 139
121 72
151 128
117 89
121 57
148 128
174 104
31 191
181 190
121 143
128 46
107 190
28 174
158 65
174 119
121 34
189 134
128 32
158 184
174 67
174 77
130 89
121 182
191 176
126 156
19 189
191 159
43 190
89 102
158 146
89 63
73 190
45 128
189 53
61 189
27 156
156 35
118 89
21 189
94 121
69 190
174 3
89 9
142 191
89 128
191 106
189 190
121 125
189 101
128 6
189 24
37 89
138 121
20 189
158 162
178 174
109 121
177 89
138 158
200 128
32 158
133 174
36 191
174 144