60
38 27 35 36 27 28 40 22 30 24 27 25 24 30 33 28 36 28 25 30 30 33 30 35 29 21 23 36 34 22 36 23 25 37 35 27 29 30 34 22 33 26 21 38 20 26 23 38 20 34 24 34 31 27 36 26 36 24 32 37
12
20 25 48 33 31 24 29 30 41 38 26 33
1111
3 29
14 50
3 41
6 49
16 9
34 57
59 29
25 31
23 40
3 57
10 6
52 31
60 35
24 60
35 57
14 50
31 23
14 6
50 42
6 40
37 50
1 48
53 19
6 34
45 18
16 44
9 18
11 19
57 43
14 40
10 32
45 20
60 44
7 24
46 57
1 16
3 6
35 15
53 20
31 34
18 44
11 38
14 46
21 41
9 25
19 50
60 39
44 14
17 35
11 46
37 15
44 41
23 7
11 44
57 45
43 7
24 13
40 31
46 42
11 17
42 56
46 47
42 57
4 57
23 55
7 57
1 19
43 45
14 29
46 35
55 42
18 10
24 1
57 47
38 50
11 46
59 44
46 43
7 25
37 14
8 60
58 14
13 60
25 50
41 54
23 38
12 46
53 25
39 3
39 40
57 21
52 57
39 31
11 23
42 27
3 35
25 35
55 46
39 52
33 42
25 14
53 51
34 29
24 27
46 15
14 8
60 36
53 50
47 14
56 15
1 55
48 11
57 5
56 10
57 44
10 23
43 10
14 53
25 38
60 15
60 44
56 39
17 42
31 15
29 51
38 42
35 56
59 40
1 42
17 60
6 22
42 31
28 31
24 33
1 4
4 41
40 60
9 23
47 25
35 4
12 4
41 50
4 54
1 22
20 9
15 14
29 42
40 13
25 7
29 22
57 53
9 52
50 4
21 29
45 23
23 22
57 40
22 11
1 39
9 25
5 10
17 24
8 1
7 14
18 41
4 29
27 4
14 16
57 49
8 10
21 7
34 1
45 50
31 11
9 17
50 57
7 18
6 44
6 35
1 11
1 18
15 28
25 22
13 11
40 22
57 45
24 35
18 23
16 46
3 40
19 40
39 18
15 48
60 54
53 22
60 53
9 24
4 6
24 45
23 42
55 50
13 29
50 6
58 50
28 10
46 40
1 57
29 56
55 7
46 50
7 13
52 29
29 9
47 9
24 28
54 11
23 56
1 31
1 60
14 39
3 15
10 24
20 7
14 15
31 23
31 36
56 50
60 15
41 57
25 41
4 29
29 58
15 57
39 33
24 44
41 53
56 9
44 3
35 5
23 29
54 6
28 29
39 6
1 43
1 41
18 29
37 44
53 39
1 29
42 6
7 45
31 20
11 30
41 6
14 31
53 52
41 31
15 31
53 24
11 50
46 22
7 9
9 29
33 60
45 29
23 42
10 29
31 44
35 6
7 47
50 9
21 42
29 17
59 39
60 30
44 22
9 15
23 39
45 17
21 14
45 51
24 59
29 24
57 14
6 23
35 43
42 31
20 15
35 28
29 44
10 46
35 22
28 39
35 1
35 13
6 41
21 44
46 56
38 15
35 45
53 21
12 60
50 21
7 22
1 49
10 49
2 1
57 41
9 49
6 29
9 39
44 42
18 42
15 49
41 51
6 21
24 40
57 42
12 29
12 45
10 23
32 31
14 52
18 24
40 36
46 48
57 25
19 14
49 24
33 10
41 12
8 9
23 14
31 22
1 37
4 44
10 37
45 59
57 10
15 13
35 48
14 36
52 1
40 48
40 42
9 6
6 44
14 26
7 39
4 9
31 4
31 7
15 18
35 1
4 14
14 59
1 39
50 5
23 41
31 24
4 3
44 50
50 54
25 60
58 35
37 29
11 41
53 11
35 41
14 23
25 44
26 11
53 49
24 25
27 15
1 43
23 53
39 19
42 25
4 53
7 29
9 31
1 14
39 57
33 41
42 24
26 1
44 25
57 48
42 44
31 46
45 7
41 56
32 14
46 9
14 38
39 25
9 46
1 9
39 44
33 15
36 1
6 11
6 7
21 24
53 56
56 14
29 48
54 44
4 53
17 15
1 28
45 21
46 7
43 24
46 27
50 34
31 53
38 53
7 39
45 37
10 4
50 35
46 52
57 40
17 10
25 1
54 57
60 4
52 44
17 44
56 25
60 26
45 30
15 22
45 35
29 44
6 25
48 50
55 45
25 41
57 35
28 42
24 23
39 24
21 9
27 31
14 1
15 54
46 26
1 41
14 40
57 23
53 29
37 42
29 57
40 29
44 56
6 50
35 21
50 13
45 1
49 45
24 19
7 5
31 5
15 23
17 14
31 24
46 1
1 32
15 45
44 35
40 33
46 10
43 14
19 35
14 31
11 59
31 50
24 46
10 25
4 34
25 29
11 60
40 34
29 30
54 14
14 13
55 39
7 10
59 6
24 54
39 4
10 1
6 5
45 26
4 24
33 11
9 12
46 38
44 19
29 41
9 59
23 11
9 55
39 31
5 14
9 53
35 7
35 18
31 45
35 50
44 28
5 44
48 25
53 57
43 44
12 35
10 39
59 35
27 10
47 44
42 46
33 1
23 43
15 25
44 9
60 29
60 46
45 36
58 45
60 46
41 27
43 11
4 22
49 50
27 23
18 40
29 20
52 35
45 31
39 6
9 31
10 35
40 4
53 46
40 49
60 6
53 41
42 4
43 29
29 46
53 17
24 41
20 42
42 53
52 15
3 23
10 15
42 54
23 35
7 56
42 19
26 10
53 29
50 3
51 10
13 57
24 52
11 10
10 31
39 24
46 37
9 3
49 60
3 31
10 12
14 55
24 50
57 23
40 41
56 11
25 33
15 46
60 7
3 42
20 35
33 46
10 11
60 50
1 4
11 8
1 56
32 57
10 19
25 34
12 42
52 4
45 25
49 42
23 9
50 45
12 23
53 6
24 14
37 24
40 1
6 15
6 48
4 60
31 43
39 23
24 57
60 47
7 4
24 23
24 12
15 50
19 15
20 50
13 10
50 41
27 44
23 33
14 28
35 31
15 29
19 7
53 45
9 40
40 6
40 11
45 4
57 27
29 45
19 45
60 19
51 60
31 60
41 38
9 30
55 10
15 23
44 20
35 24
57 25
22 57
24 41
58 9
27 7
38 40
15 21
1 27
38 45
14 3
1 45
35 55
39 44
9 40
40 21
7 41
11 25
59 31
48 24
29 25
33 7
4 35
28 60
3 25
7 57
10 15
42 35
39 42
11 55
42 13
57 11
40 37
11 37
11 49
58 1
35 49
25 18
58 57
11 35
57 14
3 60
15 11
12 39
45 16
39 49
25 1
31 19
4 56
56 40
20 14
7 37
20 6
44 57
34 39
20 60
44 24
4 6
38 7
6 42
57 59
23 37
9 38
39 46
4 18
43 60
1 24
4 15
24 57
16 41
14 25
34 7
29 23
40 15
50 16
50 28
9 19
53 48
43 15
55 29
40 55
1 51
7 16
47 10
33 14
23 1
17 50
11 21
28 41
29 31
50 47
42 50
45 32
39 9
60 23
35 31
57 39
31 47
11 39
50 33
60 18
38 24
9 11
51 14
4 41
42 43
7 14
57 17
60 5
44 48
50 8
53 35
25 27
39 48
44 51
11 45
25 60
14 4
53 14
40 20
46 35
19 57
24 55
31 49
9 57
42 1
29 50
9 11
45 47
31 48
4 38
39 41
45 54
42 7
24 6
8 31
29 60
41 17
50 1
56 24
14 6
25 40
6 52
50 4
6 13
44 9
34 11
5 29
45 3
53 10
24 53
9 35
40 27
42 35
1 17
54 46
7 31
41 55
35 10
38 29
26 29
28 6
50 44
7 3
29 31
34 23
53 60
15 29
49 14
44 45
6 60
4 9
60 57
40 1
7 40
52 23
10 3
6 1
34 24
24 9
26 35
24 15
9 43
20 57
1 9
24 29
35 15
10 16
41 37
50 22
60 37
46 1
29 50
11 1
31 25
48 7
15 9
29 11
4 37
29 40
50 39
35 44
21 31
11 52
12 6
30 1
4 31
23 60
39 50
58 7
11 20
44 46
38 60
10 54
60 21
6 23
36 10
26 44
50 7
1 5
13 1
6 53
4 39
60 1
17 39
7 28
33 29
11 28
25 55
25 43
38 1
20 1
47 24
38 35
13 53
20 10
50 10
39 20
45 28
46 18
59 10
42 15
35 60
50 7
54 1
41 23
53 23
57 26
49 41
53 55
50 57
1 59
14 27
45 44
60 39
50 18
45 56
11 42
57 1
14 35
1 10
15 42
55 44
7 6
9 54
60 7
6 46
4 24
9 53
44 41
28 57
42 11
14 39
23 50
59 15
53 27
16 60
14 35
10 52
41 43
35 41
32 9
45 8
44 13
25 24
53 50
6 9
48 23
35 40
9 57
41 40
50 31
53 18
4 11
41 31
41 19
9 5
30 10
40 4
45 6
39 45
51 35
6 27
35 33
44 23
14 11
37 39
34 35
25 5
26 9
57 29
18 11
21 39
54 25
17 40
42 52
53 59
60 59
40 44
29 1
52 25
39 13
19 29
40 53
13 41
7 54
42 4
58 39
35 37
24 14
35 53
51 11
24 50
60 43
59 42
41 59
1 47
50 59
52 7
4 16
55 4
38 39
60 31
28 53
3 53
10 58
29 41
27 9
33 44
5 45
6 19
35 16
28 9
44 49
6 1
55 60
60 58
40 12
20 24
43 4
35 9
35 23
4 48
15 41
14 29
9 43
41 39
14 18
33 9
24 6
23 50
1 50
15 11
10 21
32 7
4 44
49 7
38 10
31 26
16 25
26 24
3 46
9 50
33 53
40 39
23 1
12 50
57 4
27 45
2 45
29 7
26 7
50 27
32 50
15 39
45 40
31 12
17 6
25 12
58 31
13 9
6 25
51 9
1 21
33 4
35 7
9 36
60 57
7 11
25 37
23 44
31 1
33 45
43 6
49 29
28 40
31 40
54 31
46 34
6 29
11 32
7 59
43 10
25 50
15 34
34 44
40 44
17 7
52 45
31 13
53 37
12 14
44 31
11 35
15 55
60 50
31 53
9 7
37 9
27 60
60 24
14 44
53 39
22 39
27 11
40 35
38 44
31 17
46 5
41 52
41 20
53 34
41 46
32 60
57 12
60 56
24 22
10 44
29 42
35 25
60 52
10 40
29 16
60 40
13 45
3 1