60
21 35 32 30 20 24 35 27 34 37 36 23 40 20 24 40 34 30 35 21 22 39 35 32 24 35 23 26 40 38 39 21 21 24 39 23 28 31 21 36 35 36 22 24 33 33 22 25 24 39 38 32 23 34 38 37 33 34 33 39
12
46 37 46 33 50 21 22 39 40 46 22 43
717
21 55
51 13
43 41
7 48
23 55
39 43
38 26
7 27
27 60
31 32
19 7
54 21
23 51
7 1
1 43
9 27
8 39
51 48
43 36
27 20
33 27
51 1
36 1
28 42
7 8
45 8
38 41
36 21
53 36
51 5
19 43
5 21
18 27
42 38
27 42
51 39
36 45
8 5
53 7
53 55
54 7
18 7
16 51
27 55
16 35
6 27
21 17
58 51
42 12
29 8
38 7
47 1
43 42
1 52
31 59
27 52
40 19
41 42
16 43
16 36
35 11
58 38
38 60
29 42
30 38
55 38
3 31
46 8
55 25
4 36
17 8
38 3
21 18
3 40
56 43
31 38
23 40
1 31
51 42
47 36
55 19
49 1
35 5
26 42
43 12
27 31
49 35
18 51
54 51
41 27
38 42
16 42
13 38
36 42
36 22
30 13
1 39
20 36
51 36
6 35
29 51
35 46
42 9
32 8
12 38
27 5
42 45
39 55
59 42
35 32
42 30
7 55
40 22
31 29
31 46
17 42
49 31
50 1
21 42
38 22
12 21
43 26
27 31
56 21
21 33
60 36
34 21
49 7
19 38
27 4
30 16
22 30
55 57
39 38
57 40
53 27
34 8
35 13
1 38
29 27
30 42
40 21
42 34
3 1
7 12
21 38
54 43
56 38
40 54
35 42
2 36
48 30
35 18
5 36
16 31
44 1
31 7
1 40
39 31
6 36
55 18
33 36
21 40
46 43
31 40
51 24
8 53
27 2
40 44
40 55
24 21
55 42
26 51
54 31
1 31
21 44
24 38
52 8
4 30
12 1
51 19
38 35
35 3
45 40
15 55
21 14
51 38
1 42
40 52
4 42
8 23
43 49
8 35
35 19
1 11
35 56
36 11
9 35
38 30
38 40
35 57
57 30
30 10
42 43
24 43
55 1
57 36
30 33
12 58
4 31
51 12
43 57
39 30
51 1
35 4
10 51
21 7
27 30
38 51
40 6
17 36
34 31
51 40
38 11
27 48
57 27
43 40
1 6
36 7
40 16
19 42
49 30
35 12
36 35
43 6
40 4
58 35
9 1
33 8
40 30
38 59
28 36
7 44
30 23
45 30
23 38
31 24
41 1
27 42
11 27
30 40
7 30
30 54
42 6
59 8
42 24
13 40
36 13
7 43
5 43
52 42
40 36
55 58
26 8
35 12
25 43
8 43
53 21
48 42
8 11
40 59
47 21
43 14
56 1
40 9
55 42
3 21
45 43
36 7
31 45
25 42
58 40
43 10
18 40
35 27
58 31
53 1
12 51
40 20
2 30
51 4
4 7
35 36
36 32
21 25
51 32
56 27
1 20
26 1
51 22
23 42
38 34
12 14
14 55
34 40
16 27
35 33
30 27
50 27
51 6
3 55
7 30
43 17
40 60
1 12
27 17
10 55
46 1
35 15
31 13
19 30
8 57
21 58
26 21
35 52
8 21
19 27
45 35
53 40
7 38
31 19
21 42
30 46
40 5
35 54
12 7
55 46
10 27
1 55
20 7
1 5
8 24
55 21
30 3
33 38
1 42
40 24
1 34
27 38
35 10
1 35
26 36
38 43
45 27
24 7
8 27
30 14
27 13
55 11
3 7
1 8
5 55
31 36
29 30
31 56
7 1
4 1
43 27
21 27
31 21
51 7
35 7
40 35
8 56
40 10
25 1
21 19
30 32
54 38
43 3
33 51
14 38
7 17
25 51
3 42
19 1
8 51
33 55
5 30
35 23
24 1
38 36
21 4
43 29
30 17
6 55
56 51
57 1
55 29
30 53
21 30
1 58
1 30
1 37
17 31
31 26
55 13
42 31
40 50
53 43
48 36
52 31
24 27
2 1
43 13
38 45
15 42
31 7
43 59
21 30
38 29
1 33
35 38
32 27
45 55
7 58
38 47
6 31
18 1
7 57
7 9
27 22
32 43
42 49
37 7
55 49
7 8
22 55
38 25
17 55
13 7
55 26
38 57
41 36
8 40
36 52
47 42
7 52
3 51
22 7
43 18
60 7
36 23
27 15
55 27
7 59
18 42
27 21
26 30
59 30
42 54
5 31
40 26
48 55
1 60
40 41
60 8
55 24
15 30
1 23
43 1
8 13
42 20
40 31
25 40
17 38
31 23
43 22
1 36
8 43
31 42
44 31
50 8
15 31
47 40
35 7
38 50
21 23
31 36
1 59
5 7
53 42
36 30
8 16
24 36
30 24
59 55
20 8
15 7
41 8
12 40
30 6
58 27
35 21
14 1
17 35
17 1
36 29
56 30
31 18
51 49
59 36
42 13
40 49
48 21
25 8
42 12
35 26
22 35
36 21
27 7
25 31
1 38
8 14
50 21
51 52
36 10
14 27
11 30
31 10
42 35
5 12
16 7
11 51
12 55
15 51
17 40
15 40
35 39
22 8
43 23
21 59
54 36
12 30
1 40
43 48
42 51
52 38
38 40
27 26
21 35
12 40
30 58
16 38
36 39
33 43
8 12
22 42
35 24
40 8
21 46
17 51
51 46
1 54
58 8
38 5
35 25
34 51
34 55
38 31
14 40
21 39
54 55
43 38
7 41
46 27
42 5
1 35
27 1
7 25
10 7
55 40
30 12
42 50
7 6
20 21
58 42
51 53
48 35
60 21
30 8
30 25
34 35
21 51
59 35
16 55
3 8
42 14
51 44
51 21
9 43
43 21
51 57
53 38
40 48
59 51
18 30
14 35
43 34
21 52
45 7
49 8
1 28
27 51
21 12
23 27
27 38
7 29
21 49
32 55
21 7
29 40
43 12
15 43
27 1
12 8
11 31
7 55
38 49
7 26
28 35
14 7
51 7
6 21
58 43
20 38
42 57
32 38
36 19
27 35
8 31
42 10
55 38
8 47
46 36
21 32
31 48
15 36
12 38
21 38
9 36
31 12
27 51
36 56
55 8
30 1
27 40
36 58
38 46
7 34
55 4
27 54
43 7
27 39
12 4
31 33
30 34
1 8
15 21
7 28
31 57
10 38
12 55
51 14
43 4
9 38
21 57
31 21
1 32
14 36
54 8
18 36
50 7
37 35
38 44
36 55
36 51
44 42
43 40
43 52
31 22
1 15
14 31
7 47
21 11
36 40
35 40
53 31
51 40
3 27
36 3
27 47
35 44
23 7
10 8
35 29
40 27
51 45
8 42
48 1
42 60
43 11
35 53
8 19
36 42
50 36
59 27