80 20
26 40 37 27 32 30 31 25 31 37 35 39 28 38 27 24 22 23 33 32 40 23 26 24 29 29 24 39 26 39 25 36 37 40 25 27 21 38 33 30 22 38 35 32 30 30 33 34 39 28 22 22 29 28 26 38 39 33 24 23 29 38 38 27 31 30 39 39 23 37 20 30 21 26 39 25 35 26 34 20
46 32 29 48 41 36 38 39 41 39 47 41 45 35 20 24 33 44 37 30
152
53 71
9 71
40 52
23 71
71 3
71 36
50 41
46 50
50 52
6 52
35 71
45 50
71 50
71 5
52 61
71 44
71 14
52 39
54 71
32 71
33 50
50 37
71 33
50 71
27 52
71 16
71 21
50 62
50 9
50 30
20 50
50 43
50 17
71 13
71 76
50 52
71 41
71 69
71 70
71 79
39 50
47 52
50 34
21 50
50 57
50 3
2 71
19 71
52 1
65 50
79 50
71 59
71 64
50 59
71 78
35 50
71 29
58 50
52 71
50 40
47 50
50 10
46 71
52 18
70 52
50 28
71 1
71 62
52 45
33 52
50 42
31 50
50 18
80 71
10 52
71 12
50 19
71 11
60 50
50 44
53 50
40 71
50 77
48 50
50 80
68 50
50 14
66 50
58 71
50 26
52 26
76 50
48 52
71 34
61 71
50 24
25 50
52 32
32 50
77 71
50 63
4 52
65 71
55 71
52 49
22 71
25 71
50 56
71 18
71 7
71 27
71 63
50 12
67 50
71 47
2 50
27 50
50 49
22 50
52 80
50 11
50 38
4 71
69 50
71 52
15 71
50 16
54 52
50 6
16 52
45 71
71 8
71 17
52 46
5 52
71 74
50 8
50 70
71 48
50 75
52 25
31 71
71 37
52 43
71 66
52 30
73 50
71 60
52 3
50 7
50 5
71 73