80
23 35 30 27 22 33 28 26 29 29 26 31 39 40 40 39 29 28 20 37 27 40 40 35 24 20 40 23 28 26 37 33 40 36 33 31 20 34 39 32 40 33 37 27 37 26 38 36 20 20 39 32 20 28 39 24 25 34 27 23 30 33 32 33 33 35 32 37 27 38 37 35 36 39 38 24 32 23 28 30
20
40 42 40 25 47 29 24 25 46 30 24 45 47 35 41 23 29 45 37 41
1247
20 27
7 53
21 52
58 9
48 13
65 9
48 60
48 35
33 23
17 48
15 12
47 8
77 8
76 50
27 14
63 14
77 61
29 12
20 23
63 2
41 44
47 27
5 76
23 21
12 7
26 49
8 51
46 57
49 42
48 23
59 61
76 45
56 24
76 34
8 31
73 21
8 43
8 27
27 2
46 51
26 51
79 23
20 46
20 30
22 61
23 72
44 40
36 9
44 55
15 49
49 69
46 65
10 21
10 23
52 56
35 15
40 56
76 25
63 76
75 48
48 8
29 63
72 21
43 12
46 6
19 15
19 11
12 68
4 56
23 52
25 44
55 49
55 21
13 63
4 12
60 63
49 4
72 8
74 46
29 25
49 30
43 23
15 59
13 29
20 56
0 63
61 40
65 2
29 42
46 59
11 10
15 61
37 29
27 24
44 49
54 61
63 26
42 40
12 9
21 30
40 73
57 44
75 29
47 21
12 37
49 64
74 53
22 56
21 63
73 49
3 8
49 68
46 34
31 46
54 48
27 13
53 27
76 32
15 51
44 9
8 64
58 40
23 68
57 9
46 42
49 59
60 11
8 37
29 61
73 11
16 40
69 56
60 49
37 21
74 40
44 61
29 2
56 35
8 30
10 48
26 27
12 46
63 9
9 13
27 39
43 20
65 21
46 41
1 27
64 12
40 71
41 9
69 21
75 63
15 22
43 76
25 26
32 23
44 68
49 51
26 76
76 54
28 76
28 15
45 53
17 76
0 29
7 8
6 15
65 43
65 0
53 73
76 6
65 58
1 11
27 73
15 67
32 27
69 23
17 20
56 45
4 8
6 20
29 18
29 71
50 44
37 23
65 19
40 50
28 46
63 46
70 53
44 11
26 17
26 73
5 29
23 74
21 66
42 8
5 9
26 64
54 8
61 13
24 76
15 27
9 42
21 39
6 9
47 76
15 63
77 29
4 15
30 46
30 76
15 76
44 35
40 76
6 29
48 2
9 59
15 72
65 23
72 46
39 48
74 21
0 76
37 15
61 70
49 16
30 15
26 78
32 53
19 44
26 3
62 48
48 27
23 78
9 74
25 56
20 59
9 31
54 26
53 30
55 63
22 44
8 10
19 27
77 46
34 26
31 21
9 14
44 52
16 63
56 42
45 9
19 49
40 30
66 61
45 20
26 28
26 48
39 53
35 65
38 40
27 76
58 27
23 58
47 65
40 11
15 20
3 23
29 23
61 8
62 49
74 15
20 50
48 44
43 48
41 40
8 33
31 65
77 49
7 23
11 34
56 18
6 61
5 11
30 12
11 65
45 27
26 37
74 11
23 76
49 54
65 34
15 40
56 36
29 60
61 39
59 26
31 76
27 78
5 23
40 63
42 76
77 15
13 46
11 79
12 44
55 20
15 13
5 46
68 21
76 71
3 48
46 53
23 40
9 11
20 28
16 44
14 44
77 26
40 43
76 13
50 29
10 15
63 69
67 61
20 61
27 51
21 58
70 9
56 2
56 67
79 15
0 40
26 71
62 56
67 23
62 23
54 11
42 12
48 32
28 12
46 10
77 23
49 66
79 63
6 21
63 65
40 59
76 2
15 62
20 74
9 51
36 23
72 44
48 70
47 9
44 73
79 76
20 26
16 26
55 40
12 77
50 12
11 38
51 23
53 9
53 69
0 26
27 72
62 12
20 70
57 27
12 47
42 21
49 52
34 44
26 5
44 60
53 12
21 49
43 9
78 76
44 1
46 43
56 78
3 56
25 27
48 33
12 3
57 29
53 52
63 23
56 68
19 48
5 40
21 59
40 57
6 26
17 8
51 63
63 38
2 9
61 73
2 46
58 49
52 27
11 78
7 44
48 1
46 71
76 46
53 14
58 61
23 17
65 10
4 46
48 79
17 15
76 41
65 28
11 22
9 22
45 23
65 26
48 7
30 11
61 76
11 2
47 20
47 29
62 61
23 34
29 26
33 20
1 56
53 58
21 67
21 54
34 29
65 72
47 40
63 64
8 58
9 19
8 41
63 54
18 20
53 29
25 9
65 57
65 52
12 20
63 22
70 15
15 58
20 38
64 53
5 12
32 65
33 76
46 39
49 0
12 76
20 31
53 0
49 29
48 9
38 61
61 33
70 8
61 11
63 11
65 75
12 74
23 41
15 68
74 48
44 45
12 35
63 19
44 38
30 63
46 66
63 20
56 41
44 64
53 50
9 67
26 35
61 51
56 14
40 72
56 27
40 54
10 53
66 9
48 59
28 44
63 45
9 77
59 8
79 8
7 61
29 48
47 44
22 23
8 9
63 33
20 65
29 69
62 44
18 65
67 11
29 67
40 49
79 49
45 46
48 64
48 12
56 74
11 33
65 40
63 44
17 11
12 38
19 23
67 63
56 34
62 21
21 27
73 48
21 77
46 32
75 21
28 21
9 76
38 76
46 35
12 63
21 44
28 23
26 53
27 16
23 2
53 4
37 44
29 40
44 78
53 54
49 6
73 63
40 62
56 61
56 37
68 8
1 29
11 24
27 7
26 69
11 29
12 11
46 37
48 45
29 72
65 55
65 36
76 10
29 38
27 36
60 61
72 20
75 40
11 69
56 58
24 15
9 1
61 4
56 21
26 44
76 77
40 39
12 56
60 26
8 76
53 8
8 67
27 9
40 51
55 27
66 63
12 0
57 20
14 76
76 22
65 78
62 65
26 43
20 73
35 61
36 46
52 15
79 46
23 11
56 77
32 63
70 23
74 26
49 45
63 68
36 8
43 15
76 58
26 79
5 44
69 8
29 59
47 23
61 2
79 40
22 27
21 33
38 48
32 15
47 56
48 50
6 11
21 50
10 61
9 20
53 1
41 65
7 11
76 68
65 66
33 29
13 53
63 6
23 18
8 62
48 20
38 21
71 15
53 51
3 49
21 70
56 59
76 21
29 46
63 8
27 12
43 63
67 40
56 19
65 76
10 20
9 17
3 63
20 36
16 48
0 61
12 16
11 28
46 14
42 61
11 26
45 11
29 73
12 69
9 7
8 44
69 15
29 66
29 30
32 61
20 2
48 4
60 40
63 7
9 52
39 44
40 9
49 20
17 21
29 52
9 61
16 76
29 39
23 4
37 76
46 18
56 7
55 11
63 59
11 32
27 46
33 53
40 33
21 45
25 23
9 32
75 12
36 26
23 66
65 12
65 13
7 49
63 70
16 21
15 11
18 40
52 48
14 15
76 57
62 53
31 29
68 9
26 56
34 40
72 9
31 56
12 67
29 41
8 75
65 14
37 65
56 10
63 58
49 9
78 9
57 23
6 40
48 56
53 6
9 28
26 52
23 49
44 0
26 58
12 54
64 56
58 11
53 35
55 12
31 44
7 15
21 9
9 29
8 0
39 23
46 19
35 21
47 26
22 49
64 9
74 8
46 78
73 8
46 58
6 8
31 27
76 53
40 66
55 76
23 44
29 14
10 44
58 44
35 63
15 8
23 24
61 74
11 48
20 34
29 74
2 15
29 16
49 10
41 27
65 50
54 29
17 29
19 20
68 46
8 57
40 77
19 29
9 30
27 34
53 38
26 45
51 65
37 11
23 14
11 71
23 59
49 11
55 8
25 11
12 52
8 18
12 61
76 19
48 46
44 24
75 61
63 4
40 20
8 66
26 75
53 21
8 38
29 21
33 12
49 43
54 44
29 56
53 43
70 11
42 23
9 10
54 65
50 8
27 75
39 9
76 18
1 61
65 49
70 12
63 10
51 56
8 29
4 76
67 26
71 9
53 22
20 16
71 44
5 27
23 26
49 35
12 71
19 53
44 51
61 26
8 34
57 11
1 76
23 35
36 40
3 53
40 64
13 44
78 12
18 44
26 4
62 46
20 7
8 16
32 20
41 12
27 43
56 5
77 20
8 23
79 21
54 20
34 21
30 56
77 53
58 12
44 15
68 27
78 29
29 20
8 56
27 11
15 21
73 76
4 21
68 11
40 45
10 26
46 11
23 1
12 34
11 8
35 40
43 44
28 27
78 21
21 64
63 77
26 38
75 11
49 39
65 68
11 43
61 64
60 65
53 24
20 79
27 18
67 46
32 56
53 79
5 8
10 40
8 45
39 12
20 41
26 72
9 35
7 76
15 25
26 55
69 20
17 56
3 9
65 5
61 68
60 8
15 39
17 46
67 20
40 27
21 46
62 27
29 36
26 66
23 61
50 63
38 49
56 49
8 65
3 21
67 53
36 12
20 37
65 3
49 14
21 5
73 65
65 24
57 26
64 29
29 62
61 69
29 15
33 56
17 53
27 49
59 76
15 78
21 51
23 64
15 5
35 27
44 46
75 76
7 46
56 43
23 12
49 12
23 31
40 69
18 26
13 23
43 21
20 4
27 37
40 25
16 61
56 65
49 1
53 16
15 65
1 20
33 49
9 34
48 51
24 63
17 61
65 38
60 21
52 8
24 20
56 57
15 18
15 36
12 66
56 13
29 4
49 24
22 29
56 39
61 52
72 56
58 20
76 70
20 0
15 31
57 21
66 53
61 27
7 21
18 11
15 53
53 59
25 8
44 29
29 32
0 11
24 61
33 9
37 9
22 65
44 36
61 55
64 65
11 16
48 77
49 74
12 45
3 44
7 65
71 27
20 21
53 44
61 50
46 70
20 25
15 42
13 11
30 26
29 24
62 26
76 56
76 36
44 66
48 22
49 2
20 53
79 61
48 14
66 15
70 40
20 71
69 76
71 8
54 27
55 53
56 66
42 20
51 12
2 53
38 27
26 42
29 55
63 17
65 48
61 46
65 29
47 46
76 60
26 50
11 72
33 46
57 15
56 79
65 71
48 76
20 22
48 40
15 41
40 4
13 20
48 30
71 56
7 26
35 29
14 61
27 63
50 27
28 8
11 41
68 53
35 8
40 17
61 21
1 65
6 48
8 78
13 49
39 26
11 4
23 6
76 29
1 46
39 65
37 40
19 61
12 17
14 20
63 1
21 41
21 36
44 20
46 40
49 76
18 12
9 18
26 68
75 49
70 29
52 63
9 79
64 27
76 44
41 26
26 15
12 72
65 16
40 78
61 43
0 48
53 23
12 6
44 75
22 46
0 27
14 11
69 9
42 63
11 42
39 63
20 75
15 48
26 31
48 66
15 33
3 27
44 2
3 61
61 45
12 10
9 24
79 12
9 4
20 60
49 17
56 44
46 49
74 63
68 48
11 59
60 12
65 61
49 32
71 23
8 46
78 20
12 73
11 53
56 70
48 69
26 33
79 29
56 53
29 27
21 18
67 48
9 26
40 31
31 11
11 21
3 46
62 63
28 40
23 27
27 60
25 12
0 21
30 61
26 46
68 40
55 48
53 65
23 30
46 24
7 40
64 46
72 76
8 49
5 20
8 39
15 1
53 42
52 46
27 66
62 9
40 53
71 21
21 25
56 28
65 25
77 11
12 59
15 34
45 65
3 15
29 3
15 47
50 49
40 52
32 44
70 26
24 48
60 53
46 69
20 8
11 50
74 76
56 11
27 10
11 47
21 48
25 46
15 64
20 68
3 40
67 76
29 28
31 12
11 36
56 6
58 48
57 12
63 56
51 29
75 53
15 45
42 48
49 67
49 70