50 10
35 39 24 23 29 22 33 40 37 23 34 30 24 30 35 39 33 20 34 23 27 20 22 28 33 34 28 34 31 30 23 21 27 29 32 31 26 38 36 35 28 23 36 24 39 34 21 39 36 23
20 47 29 42 30 32 50 46 48 29
1066
32 48
32 19
1 32
27 31
19 15
14 42
43 34
8 21
42 48
42 33
43 46
23 14
43 37
42 22
50 4
42 18
1 10
19 6
10 39
39 3
48 34
35 18
27 32
28 8
37 22
47 34
22 34
2 8
18 42
36 2
13 2
10 47
37 39
42 43
6 29
35 16
19 17
8 37
31 40
34 20
50 16
19 17
34 20
12 22
12 17
14 23
7 42
43 28
31 12
6 12
22 18
45 50
19 12
2 48
29 37
2 42
13 18
6 8
1 22
19 10
48 12
38 18
21 46
26 34
14 43
38 31
42 49
50 2
2 8
45 36
6 48
12 7
35 19
41 50
4 30
12 15
29 47
48 7
10 31
10 26
2 17
18 9
8 30
29 9
23 27
37 30
45 39
4 29
12 29
12 23
17 14
4 40
40 10
14 13
26 6
34 44
21 32
13 6
25 39
6 21
23 16
23 29
40 23
48 8
34 42
2 50
45 7
20 14
44 37
32 46
20 26
48 18
50 30
6 14
39 15
31 39
25 8
34 3
13 43
5 29
23 5
2 10
29 1
21 12
21 42
15 10
1 14
23 18
1 10
18 1
40 25
36 26
4 22
48 18
14 50
19 40
36 44
21 2
27 47
23 10
5 22
2 38
37 4
15 23
32 22
24 42
30 23
34 38
15 35
15 6
50 21
20 30
47 37
4 2
23 38
6 27
39 17
42 8
1 46
28 40
34 39
39 8
22 29
21 43
10 30
17 28
10 21
29 30
10 17
38 40
7 12
29 48
34 10
29 11
42 19
40 48
43 2
22 1
34 10
23 45
1 23
14 17
30 17
8 14
19 30
50 38
10 50
18 7
4 39
40 20
6 28
31 16
25 36
23 19
10 16
22 17
19 14
35 3
7 50
7 39
50 28
38 10
12 38
15 35
36 5
26 45
6 46
35 19
32 10
24 12
50 20
43 32
13 10
5 40
1 30
12 34
43 31
24 6
29 46
31 10
19 39
27 35
14 40
20 3
34 50
6 44
1 29
30 28
14 48
28 19
27 50
1 38
48 34
44 18
8 45
38 8
22 19
35 6
23 49
10 42
17 27
15 25
5 45
6 4
36 37
12 38
24 48
37 36
4 17
32 34
2 46
18 28
7 17
44 39
34 9
26 18
15 36
8 14
45 28
32 39
27 1
34 31
14 22
12 25
42 16
6 1
5 18
40 24
22 47
8 34
12 39
38 17
19 30
22 23
6 39
19 6
8 23
35 17
2 1
25 18
48 1
2 38
36 34
33 6
12 23
15 34
49 2
35 1
47 38
41 6
50 29
15 30
18 1
17 35
15 26
8 32
35 20
39 1
36 12
22 23
32 20
49 7
12 22
42 38
1 16
36 31
1 13
29 22
29 21
21 20
6 30
37 16
36 46
37 7
2 1
36 23
45 37
3 12
17 34
28 15
14 25
14 38
34 47
46 45
45 31
21 14
30 49
14 46
11 12
17 45
1 28
47 14
5 6
7 43
8 11
26 50
15 4
8 43
22 50
37 14
26 47
28 35
39 2
14 49
36 8
17 5
10 21
1 23
44 31
14 43
47 29
42 4
8 36
49 31
14 31
6 7
38 6
18 31
1 5
4 23
31 5
8 10
8 32
23 7
47 16
12 16
32 12
29 43
8 42
37 14
19 32
7 48
50 34
14 42
20 22
48 26
34 37
8 13
14 21
7 1
22 8
34 7
40 32
32 2
1 31
5 2
12 18
10 38
49 35
17 48
20 23
12 50
19 10
37 46
42 39
47 10
30 32
29 38
2 43
14 26
40 6
17 15
9 8
31 24
21 36
20 9
18 6
44 40
23 39
49 10
25 43
27 34
37 12
5 38
19 12
25 20
8 43
19 16
42 30
17 43
36 14
2 20
24 32
18 4
45 47
42 12
35 1
50 10
2 37
43 24
34 21
2 21
21 16
19 50
36 6
39 7
34 35
15 42
48 45
1 19
27 40
34 39
39 21
36 12
32 29
29 19
4 31
36 14
47 48
39 17
27 2
28 34
17 34
32 33
49 8
15 2
32 28
40 8
44 32
8 46
1 14
32 34
50 12
27 15
10 15
37 39
29 50
3 29
10 48
27 19
26 32
14 39
47 15
45 22
10 18
35 26
42 19
42 34
30 3
23 20
49 50
45 1
42 36
10 2
43 1
43 50
6 22
17 44
10 30
26 22
22 10
26 30
38 21
10 42
39 6
8 15
29 31
43 49
10 29
21 17
14 10
47 28
50 5
29 15
3 6
32 48
14 32
43 7
32 39
45 1
12 37
1 50
37 48
4 34
50 1
43 15
37 17
45 19
29 43
41 8
16 36
48 1
28 22
47 21
39 18
31 20
32 29
36 47
32 16
36 47
6 29
48 29
20 15
22 31
15 31
9 6
26 23
42 15
20 13
21 24
31 12
43 32
2 22
17 49
5 7
10 6
37 17
17 2
38 42
18 39
9 40
30 47
42 48
20 18
35 40
15 18
10 39
4 1
26 7
25 22
39 31
5 19
12 49
17 21
20 14
6 36
22 8
46 35
42 20
49 19
43 47
48 28
39 21
4 19
39 13
28 23
30 35
37 19
19 46
38 34
2 23
20 8
48 19
7 47
27 37
49 18
17 36
3 8
48 21
17 1
10 33
23 37
43 12
43 26
41 42
46 40
28 14
17 45
42 40
26 1
45 15
6 37
21 6
23 43
42 1
20 43
27 14
16 43
4 14
29 49
12 44
21 4
29 39
37 31
48 31
10 25
13 23
49 32
17 30
35 50
18 32
14 15
7 25
13 17
31 21
45 23
40 50
29 20
42 45
37 31
49 22
39 50
43 23
14 6
5 37
12 20
8 29
42 37
12 1
4 45
1 19
13 21
39 47
34 23
34 6
10 3
8 24
46 17
31 43
32 21
29 8
29 21
48 50
45 39
28 37
17 8
22 6
37 6
47 2
1 12
39 33
41 1
34 15
36 7
35 29
45 8
17 48
4 32
20 19
20 29
30 16
14 30
4 8
34 30
47 1
20 39
38 19
18 43
35 47
45 37
19 31
24 7
28 31
39 49
13 30
12 15
32 3
42 29
45 44
20 47
20 6
21 45
20 37
16 8
36 3
10 36
8 31
47 8
23 34
38 16
17 16
36 13
36 4
43 40
37 42
15 14
45 20
16 20
23 35
18 47
7 27
26 40
15 50
34 19
46 42
1 44
17 24
29 19
1 24
42 22
42 27
36 32
19 15
1 47
39 28
16 22
47 12
12 40
18 3
10 48
47 14
32 35
28 42
5 20
31 13
10 18
50 37
6 8
42 35
39 16
36 17
18 8
23 2
27 21
10 45
17 1
10 37
1 25
44 29
2 44
38 29
6 46
29 42
26 37
23 46
26 21
17 20
17 3
20 38
47 4
32 45
25 37
32 7
8 34
22 2
39 8
7 16
28 21
49 47
21 5
43 17
38 1
24 20
45 47
13 29
23 37
13 12
37 32
38 32
40 18
47 12
3 31
43 20
20 12
39 40
32 9
30 42
8 18
8 27
36 18
19 39
39 14
39 35
21 43
29 35
10 12
7 32
2 31
5 42
50 36
18 50
18 17
20 6
32 5
42 26
45 30
15 30
1 32
23 8
31 14
33 12
42 20
12 4
46 34
2 6
34 13
6 35
34 49
10 29
14 12
24 36
29 39
50 14
34 31
1 42
29 36
29 12
49 36
36 42
8 31
17 26
20 17
40 2
7 18
17 8
36 32
9 1
42 43
29 17
12 2
30 25
34 1
30 1
47 40
35 14
32 12
23 10
38 25
6 15
34 30
45 43
21 31
22 17
30 29
6 12
2 12
23 44
1 36
31 26
26 38
39 47
35 21
10 8
37 18
50 22
46 15
18 17
50 8
45 6
45 6
42 45
30 35
29 7
2 6
36 20
35 39
5 10
21 42
8 26
25 21
1 8
21 12
31 1
29 17
2 32
5 48
6 48
46 18
18 32
18 27
39 1
19 21
46 17
35 4
38 28
27 20
12 43
50 38
12 46
46 30
39 40
1 43
40 45
17 12
10 43
19 36
12 27
20 37
36 1
39 20
44 42
39 46
19 31
34 1
33 48
10 35
31 45
27 45
11 47
6 7
28 2
45 10
2 41
38 6
21 8
24 19
10 9
8 20
10 24
41 12
49 38
22 40
10 12
18 33
20 1
8 1
35 34
21 20
45 49
13 32
33 7
2 39
15 5
43 4
19 47
22 34
10 35
35 45
25 48
32 10
11 39
34 5
39 42
5 39
26 12
36 40
18 43
14 10
22 10
30 6
45 21
10 6
1 7
12 45
12 34
34 36
20 1
40 42
10 36
36 20
41 34
40 17
34 6
30 12
38 7
10 40
34 46
8 47
13 40
20 49
31 22
5 30
45 12
6 1
26 39
18 12
25 2
8 30
14 38
29 23
19 20
10 37
23 40
48 20
27 29
38 4
48 23
39 23
6 49
36 45
14 48
17 15
29 36
21 23
36 28
21 47
47 37
23 36
48 4
14 7
10 17
12 48
25 19
6 16
25 35
34 21
10 43
15 32
3 19
44 21
47 20
2 26
47 48
45 38
21 23
40 34
28 29
40 30
14 5
37 34
29 31
45 20
29 15
16 40
12 28
45 25
37 29
5 47
18 21
48 45
43 6
40 29
12 42
5 43
34 43
20 31
38 17
10 27
6 18
34 25
15 45
45 50
43 6
26 29
8 44
40 31
39 24
29 25
14 12
46 31
39 15
12 39
41 10
46 29
43 33
11 45