80 20
32 35 34 30 38 34 28 31 24 36 34 40 25 36 24 34 30 28 31 32 30 39 20 28 24 25 28 30 32 33 33 36 40 20 40 40 27 30 30 25 25 40 31 23 29 37 32 20 22 22 25 38 38 23 21 27 22 20 36 38 24 38 39 32 38 28 40 26 25 32 22 35 40 39 33 29 34 26 33 40
42 43 49 38 49 49 27 36 29 26 50 29 46 46 30 20 24 39 27 45
1936
36 20
66 36
78 66
1 60
55 25
67 18
54 52
7 1
52 12
73 75
57 75
62 5
38 13
38 48
10 18
45 38
68 18
11 25
68 49
30 10
36 60
36 44
10 30
53 49
18 4
3 43
70 63
64 11
23 31
39 23
32 65
36 73
22 66
56 27
49 13
65 10
8 56
78 20
3 4
41 48
39 75
18 27
39 57
77 38
60 41
58 49
32 68
10 25
52 13
25 32
54 75
41 3
38 59
59 38
48 10
34 8
39 27
59 43
48 65
5 58
48 64
73 8
74 1
52 21
43 1
59 47
32 41
64 74
48 73
52 31
70 73
31 55
3 47
8 54
15 30
30 75
63 1
32 64
3 19
52 45
25 23
20 60
30 40
56 34
25 48
38 12
1 14
12 53
28 36
75 57
60 23
47 13
23 17
25 8
80 68
54 30
22 13
20 38
60 46
57 79
17 77
75 53
59 27
33 25
56 16
58 44
75 72
18 62
3 41
10 27
1 69
66 49
13 14
45 8
32 58
47 43
4 31
40 18
25 48
44 56
30 5
30 21
27 43
28 10
64 59
38 72
53 18
20 30
1 43
43 52
80 75
43 20
22 25
18 52
58 43
75 14
59 42
58 72
52 29
48 38
1 57
5 69
79 69
59 71
5 16
49 10
30 45
17 13
70 39
44 40
36 41
36 8
39 32
49 17
42 39
65 41
8 30
66 43
58 38
68 65
11 5
70 49
44 18
10 62
38 66
25 65
43 3
3 1
59 17
68 29
48 39
11 28
80 5
41 25
13 43
46 17
34 38
68 8
52 42
48 36
43 37
25 53
56 3
60 72
54 20
3 31
17 69
67 20
57 30
75 35
71 25
70 71
68 30
73 49
21 53
17 38
64 18
66 74
57 38
38 73
69 23
52 35
5 60
73 49
12 18
28 52
22 43
80 56
78 17
21 17
43 17
68 34
77 53
28 59
41 39
59 80
25 51
56 30
53 68
68 39
73 51
51 74
57 31
15 70
55 5
17 62
1 32
56 74
10 73
73 41
18 34
30 7
41 49
51 44
8 72
66 57
55 58
68 26
18 73
23 53
17 42
59 41
79 44
41 13
68 8
52 66
58 73
46 53
49 14
17 14
18 45
3 8
11 8
65 49
49 35
25 14
25 52
49 18
9 59
24 10
39 20
77 44
55 74
11 49
49 36
57 16
71 30
4 8
57 8
41 36
56 39
4 69
32 1
20 74
32 36
12 17
34 3
79 39
44 46
53 41
74 16
28 18
52 43
38 3
74 47
43 8
10 14
13 80
25 30
66 48
8 21
46 31
10 39
58 3
21 68
30 17
39 51
57 17
56 75
5 43
17 57
15 52
70 60
68 13
13 57
77 31
43 68
25 31
4 43
61 18
15 20
3 15
25 58
19 49
50 70
10 49
55 17
10 74
30 4
11 22
74 48
48 44
56 48
1 52
53 20
78 8
18 75
36 76
41 12
56 78
25 59
39 60
13 44
47 5
28 70
60 75
61 5
1 56
52 39
32 8
60 10
39 3
3 29
59 41
13 55
39 10
65 8
49 32
78 36
73 1
32 63
54 5
16 43
71 8
41 54
58 39
8 5
3 36
35 39
43 76
1 25
29 56
18 69
73 19
3 63
27 36
30 64
10 72
15 60
52 64
4 70
22 31
60 47
17 74
71 5
11 51
32 28
53 42
8 14
30 14
44 70
49 60
34 70
62 11
11 29
44 66
68 13
36 31
49 23
54 73
21 5
18 70
29 60
24 56
39 52
38 18
65 44
52 16
15 5
69 3
22 30
32 38
32 62
30 55
43 12
31 30
17 54
80 69
6 49
29 69
13 57
10 38
29 48
71 10
32 14
30 76
10 17
48 17
76 11
20 56
56 1
31 62
8 50
58 18
1 34
39 30
46 41
43 7
11 65
73 31
27 73
10 13
44 1
7 38
74 30
80 36
66 61
5 25
36 6
78 59
64 68
40 68
39 72
9 30
41 7
51 3
68 41
30 27
68 57
44 34
56 77
18 22
62 30
38 40
16 39
70 52
10 16
8 38
20 46
24 58
73 79
77 5
43 75
5 13
73 59
32 56
32 29
30 66
66 59
43 8
10 44
43 41
56 53
68 77
64 43
13 7
39 66
7 44
51 53
1 30
3 60
73 66
7 68
36 43
57 59
1 77
32 69
6 73
4 44
42 43
5 39
76 39
68 52
68 51
58 62
7 3
68 50
73 23
71 17
36 53
78 58
75 78
24 60
74 1
11 10
49 30
79 74
66 38
78 57
24 1
7 8
56 47
60 17
18 73
73 5
24 20
80 11
59 22
28 57
42 32
11 17
79 53
60 66
58 12
39 73
74 46
35 44
32 73
68 17
63 39
53 38
49 34
65 3
41 48
47 10
43 41
66 10
57 20
72 57
30 25
74 35
68 75
73 32
48 20
1 78
57 4
41 32
57 3
49 3
39 68
66 60
41 67
36 21
30 60
57 20
52 3
66 77
12 25
20 76
69 22
11 23
5 79
20 21
8 60
32 12
52 79
66 72
52 2
25 17
41 28
75 43
7 70
63 57
55 3
70 68
62 68
70 76
17 63
73 69
20 13
5 53
49 18
38 64
18 68
79 18
11 66
57 5
16 53
65 57
23 3
11 38
49 40
69 37
18 8
3 70
60 22
17 36
35 30
12 59
75 61
1 10
8 2
31 5
6 44
43 53
8 62
20 53
2 43
75 25
18 43
30 44
8 42
11 36
13 39
55 32
39 3
20 63
9 10
70 73
66 15
66 65
1 33
20 22
75 24
27 69
62 69
31 15
3 58
32 75
53 71
64 57
38 11
24 74
63 10
13 15
52 77
53 15
63 13
38 75
53 57
43 32
46 66
5 52
1 11
74 43
63 66
15 17
35 32
61 10
11 69
24 69
30 53
69 57
29 74
26 1
20 35
22 57
18 41
5 14
48 49
62 25
61 68
32 54
60 42
56 57
18 31
72 74
58 68
53 35
18 36
73 40
73 24
56 69
65 43
10 17
8 74
22 58
75 59
8 60
41 52
39 17
73 30
36 70
43 53
49 74
41 38
15 57
3 71
5 70
33 32
75 44
5 3
60 38
18 1
58 49
35 13
79 13
1 3
26 8
27 53
10 38
15 73
43 30
11 66
75 74
68 69
20 23
56 52
80 44
49 62
41 68
7 49
56 66
57 42
76 58
25 24
59 10
59 70
68 38
75 48
59 36
56 59
39 59
12 20
23 8
23 41
53 10
11 68
70 55
35 69
25 29
10 55
74 5
36 58
75 5
15 75
31 73
18 74
70 62
54 60
70 16
17 18
57 3
48 31
5 27
31 10
41 5
41 60
73 12
5 25
13 69
53 5
57 35
8 15
10 53
74 12
56 3
32 66
58 57
34 13
58 7
3 70
52 17
31 30
80 41
60 40
60 43
73 35
20 62
31 34
35 11
74 10
1 53
44 59
14 57
59 1
68 72
38 20
23 1
31 35
68 28
72 44
11 20
34 25
37 11
25 16
75 52
28 1
18 15
54 68
70 5
60 10
25 13
75 62
3 66
77 60
13 64
32 39
59 14
18 60
74 66
39 47
41 74
49 68
70 26
70 65
55 59
39 59
46 10
58 73
65 13
10 3
63 30
39 1
42 18
57 38
70 56
23 59
32 4
23 43
69 41
59 62
38 29
36 71
36 29
10 79
53 70
9 32
10 32
25 60
20 10
34 10
60 13
3 35
76 41
67 30
76 31
57 48
14 39
13 28
5 49
13 4
56 30
55 69
45 3
68 46
43 10
20 49
73 20
3 14
59 36
3 49
78 39
68 6
20 59
38 14
10 13
38 41
32 10
41 10
60 31
47 73
25 46
18 50
25 11
55 68
41 11
31 21
39 40
51 32
36 38
18 21
31 25
8 76
36 13
68 66
49 47
3 17
66 25
25 77
18 56
68 70
49 30
52 22
13 5
11 70
68 60
68 47
10 70
39 65
57 52
57 41
25 58
70 35
3 25
20 11
76 32
5 72
73 5
1 38
59 25
68 43
10 59
46 49
14 44
56 63
38 46
25 3
75 46
18 52
69 10
66 71
31 56
69 7
54 59
24 66
57 32
24 44
38 42
68 73
11 55
52 11
17 43
47 25
52 57
80 18
36 52
10 2
6 41
56 48
58 4
3 8
78 38
60 28
32 45
18 39
4 41
17 52
3 53
18 75
22 75
44 63
38 70
13 56
69 77
74 54
39 4
64 73
31 72
1 12
66 54
79 30
30 70
1 38
53 61
11 73
65 30
8 48
30 23
62 57
55 52
38 65
69 20
10 66
62 66
20 3
17 56
20 30
3 22
49 63
17 7
13 73
16 31
41 56
24 68
29 13
23 66
69 5
13 66
70 49
66 39
68 59
63 25
58 16
18 57
36 24
75 36
66 42
66 4
62 36
53 24
42 41
73 20
41 5
68 32
34 58
34 66
13 12
30 53
3 12
60 2
79 32
51 69
73 3
44 73
20 44
60 27
71 60
38 51
24 8
31 28
56 28
25 4
65 59
60 20
65 18
33 17
41 34
3 69
35 8
68 76
36 75
13 43
10 15
30 38
8 77
80 30
38 71
45 20
69 47
1 72
64 39
16 1
66 48
49 41
53 38
10 20
11 10
32 20
73 36
70 74
20 77
39 24
60 5
33 3
62 39
1 71
66 52
66 73
57 43
7 32
73 17
70 25
7 56
38 62
47 53
49 4
5 6
66 18
58 57
68 57
43 34
34 11
8 32
32 44
1 11
10 29
20 3
31 42
75 4
60 18
64 60
69 60
57 39
1 44
49 72
7 75
52 44
18 39
58 63
17 28
30 42
27 48
46 52
20 18
25 79
32 80
24 41
60 51
58 15
36 51
1 25
38 18
68 74
17 5
13 70
20 4
20 80
56 64
52 24
1 10
36 3
44 64
5 1
3 74
62 13
31 3
75 53
57 70
60 16
36 53
28 58
36 25
17 4
34 36
60 31
48 58
56 73
17 22
73 30
35 41
30 52
56 43
80 43
65 75
20 55
23 18
57 74
15 41
54 3
13 75
58 14
43 78
69 63
72 56
17 69
27 52
18 10
29 18
69 68
5 66
28 20
6 8
33 8
66 25
69 13
70 25
57 37
68 48
69 78
38 36
1 68
44 20
34 30
5 44
13 31
25 32
1 2
44 68
70 21
80 8
7 31
1 80
59 74
49 55
7 57
10 51
48 47
48 49
32 34
13 70
30 29
68 71
41 44
5 64
54 57
54 1
57 34
42 1
8 49
40 10
38 5
48 20
70 30
66 16
78 70
13 23
2 41
76 44
66 55
21 73
8 36
75 55
7 10
43 32
38 80
76 57
49 42
34 69
68 78
43 73
1 18
78 18
44 3
4 5
73 29
79 3
32 21
43 11
10 26
39 6
33 73
55 38
68 20
8 11
57 46
60 36
57 10
38 70
73 68
49 56
10 41
46 73
64 3
2 66
42 75
69 73
10 8
73 11
11 56
10 6
16 8
43 10
39 12
51 43
38 23
5 20
59 8
76 3
68 25
7 20
39 8
19 25
5 34
43 29
80 3
48 60
22 1
30 12
32 22
69 6
68 38
32 52
25 35
57 77
44 62
15 32
3 17
49 31
60 32
64 36
80 25
3 75
28 75
48 70
52 69
40 36
3 66
49 59
59 29
8 28
7 11
25 73
18 51
17 16
43 62
30 17
52 8
25 17
46 70
75 34
25 42
49 1
48 17
18 5
59 52
1 45
55 41
71 49
43 20
12 8
70 44
52 47
30 58
75 59
65 17
37 25
29 53
1 55
38 5
68 9
58 30
30 36
44 29
64 49
56 65
66 53
73 3
74 43
20 13
11 27
71 73
13 56
51 49
42 70
40 32
32 66
57 32
68 66
30 38
30 41
69 11
61 74
22 39
36 7
12 66
20 42
5 32
52 8
23 32
11 15
33 31
73 45
69 30
33 49
49 27
48 43
13 37
68 15
59 60
56 66
25 10
20 52
44 71
49 31
38 79
1 67
44 68
50 10
52 69
26 44
49 8
5 8
73 48
23 75
38 24
26 66
76 13
39 34
3 60
74 13
1 13
63 18
18 35
22 74
44 8
32 53
13 8
77 41
43 48
36 74
15 59
76 49
30 1
60 11
43 70
78 13
13 36
30 68
43 31
58 52
52 38
76 17
35 43
14 41
49 53
14 68
71 20
18 14
8 57
49 80
33 75
5 75
38 35
43 46
75 10
8 10
68 27
75 68
16 75
78 25
71 32
52 9
36 31
38 75
29 5
5 20
49 66
75 30
25 6
20 2
5 24
1 61
25 57
20 69
41 30
31 14
41 62
60 12
3 78
55 60
24 70
6 66
36 63
27 44
73 25
54 70
41 78
1 39
74 28
41 13
56 41
31 68
20 56
36 57
13 49
30 69
80 31
59 70
43 56
80 70
10 70
74 23
20 36
27 25
15 56
32 5
60 57
63 31
5 74
49 52
65 31
36 66
55 43
1 35
66 45
16 36
47 38
49 60
67 59
21 75
37 38
56 46
11 78
40 25
43 79
69 48
44 55
68 59
52 56
25 68
66 33
53 8
73 41
29 57
2 25
28 66
57 11
20 6
27 57
5 66
49 57
36 65
72 20
38 6
1 21
10 77
1 49
69 66
33 18
20 25
8 61
43 63
56 49
74 42
73 22
44 23
5 48
36 11
5 30
30 60
75 32
1 37
54 18
44 36
32 20
63 41
35 59
37 66
49 29
9 18
52 13
69 36
39 29
57 43
73 77
33 20
75 74
59 73
38 31
10 48
16 44
33 52
56 8
59 53
18 71
17 34
24 57
67 32
25 53
58 35
8 74
79 49
51 56
17 60
25 18
10 80
45 25
65 5
41 18
58 77
40 3
19 60
68 17
70 32
20 52
55 36
68 63
62 3
59 5
25 72
6 60
75 12
6 57
63 59
30 66
28 30
49 24
78 10
17 18
61 73
32 47
16 38
5 3
44 8
25 7
5 63
8 18
60 1
57 59
60 44
64 25
59 43
40 43
8 69
46 8
33 43
38 19
36 17
46 1
13 27
15 48
2 73
38 33
53 72
58 42
48 36
47 11
79 59
4 68
40 52
23 58
62 1
11 4
38 56
79 68
68 48
74 25
38 32
47 30
17 59
72 69
53 54
44 12
31 24
60 25
30 51
25 13
18 36
43 11
63 8
52 41
18 44
48 1
48 53
11 57
55 53
58 80
69 1
39 71
36 70
25 74
5 76
56 79
38 17
32 78
60 57
30 78
39 55
43 66
57 12
75 60
51 5
77 49
1 36
57 47
8 73
49 78
64 69
10 21
20 68
18 43
66 59
27 32
57 25
57 41
18 66
17 44
27 38
51 59
76 59
71 31
39 36
68 67
59 34
21 59
36 25
59 1
41 25
47 44
5 28
56 55
71 52
46 39
59 8
70 43
30 52
70 72
6 1
52 70
43 30
39 5
56 58
58 56
36 61
43 73
13 38
7 18
10 67
69 65
31 78
53 32
76 1
3 68
4 10
52 75
7 66
8 22
31 38
60 45
77 43
14 70
69 16
36 14
3 68
53 66
53 13
20 18
49 52
32 17
36 46
27 3
38 56
16 20
59 69
43 31
44 66
73 17
72 73
79 11
28 73
8 55
59 7
73 16
75 3
53 8
23 57
48 5
10 54
30 8
60 39
4 38
24 43
72 43
43 5
57 44
21 41
70 12
76 18
56 62
56 73
36 50
77 74
63 38
22 41
8 37
22 53
43 6
17 56
25 20
21 66
60 79
31 59
49 5
53 68
10 3
4 1
46 69
20 14
38 22
73 75
36 30
36 15
59 20
75 63
42 44
18 47
8 25
8 48
57 30
55 18
68 16
56 60
36 58
45 49
5 17
8 39
73 39
53 28
52 5
14 43
49 2
8 38
38 60
52 72
76 69
16 49
52 25
52 48
12 31
51 57
75 10
5 7
52 23
3 52
52 58
25 56
36 57
48 52
58 68
35 66
69 36
57 73
17 53
46 58
33 60
49 12
6 52
77 39
74 38
17 35
76 25
52 51
49 75
70 45
77 70
47 36
68 52
1 48
80 66
25 75
10 58
72 41
52 59
36 1
76 10
60 21
78 5
60 59
16 41
38 3
73 10
59 5
1 50
71 75
1 13
65 1
27 74
8 69
3 28
45 39
4 36
49 74
74 38
57 56
58 10
57 5
73 55
32 70
49 59
21 57
39 7
38 76
70 57
80 17
70 23
13 58
5 58
22 70
76 66
66 13
48 55
49 11
36 52
49 36
75 49
57 1
60 35
66 14
75 77
11 63
49 22
54 36
72 36
31 10
73 38
74 36
1 52
10 57
20 65
44 78
19 36
4 59
45 44
77 36
30 33
8 13
73 42
39 30
71 41
64 10
15 74
66 69
44 10
17 32
45 43
13 42
10 52
69 10
49 20
45 75
38 52
1 15
49 17
18 5
17 13
58 60
32 49
34 20
80 57
22 44
71 43
73 1
25 56
5 1
52 10
36 79
46 5
57 73
72 17
43 60
53 64
53 1
70 39
39 26
36 43
39 36
50 66
52 32
74 68
32 36
7 48
66 57
25 18
39 80
57 18
68 1
43 58
51 13
13 73
57 69
24 17
32 60
65 58
49 57
36 2