50
34 20 37 23 25 36 21 24 35 27 39 21 28 22 31 40 23 29 36 25 27 22 29 38 21 34 38 27 29 40 26 30 26 29 30 22 32 30 33 37 20 33 28 34 37 24 37 28 24 25
10
27 50 49 24 41 34 33 23 24 29
444
9 25
25 48
25 43
43 41
19 10
36 26
32 10
14 47
15 47
6 32
26 43
8 43
2 48
10 37
17 13
34 2
20 25
17 32
25 1
26 10
17 43
18 10
14 39
30 29
15 16
10 17
14 13
28 15
36 13
25 23
9 43
36 33
6 1
24 14
33 1
4 3
14 49
32 2
4 27
0 43
43 16
21 6
14 7
44 1
25 37
14 9
7 2
36 3
11 4
45 10
5 15
12 43
29 36
4 17
4 24
15 36
3 2
14 0
32 43
34 15
0 4
41 4
6 9
43 39
6 17
1 37
6 27
11 17
43 18
36 40
14 27
14 38
7 43
14 32
14 29
43 22
32 36
17 18
30 10
40 17
29 31
25 14
36 8
11 10
14 42
18 25
29 43
31 17
10 3
27 43
36 4
4 22
19 15
0 29
18 1
19 36
36 6
47 43
29 28
40 43
14 48
39 17
4 14
30 17
10 46
4 48
35 6
35 25
1 35
25 36
1 29
24 29
1 30
15 30
39 4
10 28
37 14
18 36
46 15
14 10
38 43
44 2
23 4
4 35
8 6
22 15
15 32
13 15
1 10
25 4
36 1
30 25
37 2
4 46
15 39
24 17
37 4
6 15
41 36
1 8
10 44
6 20
8 25
45 14
6 37
19 29
2 8
19 2
10 4
5 6
2 46
5 2
7 4
22 2
12 2
6 23
14 21
11 2
28 6
7 25
33 2
25 47
6 11
37 17
16 6
24 36
25 22
10 36
4 9
5 10
13 29
2 30
48 10
33 4
4 5
36 34
11 14
44 17
42 10
9 29
29 33
17 21
31 2
17 2
36 11
45 36
21 4
29 46
22 14
33 17
10 40
2 20
8 4
6 44
15 26
34 25
34 6
9 36
29 35
36 47
15 43
15 37
29 37
36 31
14 12
49 2
15 29
43 2
42 17
15 8
24 1
43 49
15 23
15 1
14 26
6 33
16 36
25 15
41 14
29 42
30 6
4 20
17 1
29 6
17 5
41 17
14 23
42 25
1 11
14 20
2 47
38 17
25 46
13 4
28 1
21 29
27 36
17 29
6 39
1 0
27 15
2 35
2 40
21 2
49 10
25 5
25 17
29 26
43 45
48 1
14 3
32 29
10 33
46 17
25 16
27 10
21 15
19 25
39 1
13 1
49 17
36 39
36 0
25 3
14 35
1 41
15 40
34 17
5 29
4 15
43 19
45 6
38 4
16 17
12 15
43 42
36 28
24 2
25 38
29 18
0 25
11 25
47 17
39 29
37 43
2 23
20 43
10 9
26 1
22 36
29 4
1 31
1 14
6 43
47 29
16 2
44 15
12 36
21 1
15 35
2 29
2 38
35 10
8 29
34 4
10 43
34 10
10 8
17 36
43 23
49 29
25 33
6 2
29 25
48 17
44 4
29 40
10 0
11 15
43 24
4 2
8 14
36 37
15 41
29 12
29 45
16 1
1 5
17 14
0 2
43 1
43 34
43 28
6 12
2 9
44 25
25 10
45 1
1 20
0 6
19 17
22 17
33 15
45 17
47 6
8 17
3 1
25 24
28 4
2 18
45 4
48 6
1 46
47 10
34 14
2 42
1 34
38 36
39 10
5 14
25 40
29 34
15 7
24 10
48 29
15 49
25 21
19 14
35 17
31 25
15 24
10 15
20 36
12 25
2 36
21 10
36 49
3 43
31 10
27 17
17 26
14 2
10 12
15 18
44 29
29 11
14 40
6 26
36 7
41 10
27 1
14 30
14 43
22 1
15 2
29 3
15 14
42 36
24 6
32 1
15 20
28 17
12 17
15 31
43 33
29 27
13 43
49 25
4 43
43 11
18 4
43 31
14 36
26 4
46 14
6 42
29 41
25 32
48 15
13 10
28 14
33 14
36 23
16 4
9 1
16 14
10 6
4 32
25 6
4 30
7 1
6 4
4 31
17 20
7 17
23 1
15 45
14 44
2 10
17 23
38 15
2 1
38 1
15 42