20 4
38 40 38 20 26 24 27 34 35 24 36 40 22 34 39 20 36 23 32 33
47 43 29 30
124
16 5
6 15
1 14
12 1
1 11
12 7
1 4
3 17
20 11
17 15
17 2
11 12
17 6
16 10
1 6
17 7
2 1
1 2
11 7
2 16
17 20
5 17
1 7
20 15
16 8
12 19
20 16
1 12
7 3
3 1
15 7
11 9
19 15
2 14
14 12
1 16
4 15
5 11
7 10
1 9
7 11
17 14
16 15
19 17
5 1
2 9
15 5
12 4
11 10
14 11
16 4
17 1
20 1
15 16
3 12
18 17
12 2
16 1
6 16
1 11
15 11
12 17
4 7
18 16
12 16
11 12
8 1
16 9
15 2
5 7
2 11
1 5
17 4
14 16
8 12
12 2
20 7
7 12
11 5
14 7
7 13
16 7
16 11
12 10
12 18
19 11
16 2
15 5
12 20
6 11
15 9
12 15
1 13
7 1
5 14
6 2
7 8
3 16
2 20
11 15
7 5
15 7
14 15
16 19
11 2
16 12
16 7
4 2
16 13
16 11
7 9
2 5
17 9
11 17
10 2
1 19
19 2
7 6
12 9
15 12
17 1
19 7
18 7
10 17