70
30 20 38 33 39 34 22 40 29 32 40 36 33 22 20 25 22 39 24 21 30 40 33 28 37 40 29 31 36 31 31 26 37 36 31 31 27 27 36 26 24 31 22 39 40 39 39 39 33 27 37 28 33 33 29 34 25 25 21 30 32 31 21 35 37 37 39 30 32 23
16
26 36 46 46 34 25 21 31 35 38 41 40 34 25 29 23
1639
6 8
29 28
63 4
29 59
66 29
56 26
60 20
28 23
51 46
5 23
58 41
52 36
24 49
17 58
4 42
25 66
2 19
46 68
19 21
43 16
67 57
40 53
64 51
57 50
29 23
37 20
66 55
43 20
58 62
36 21
29 2
42 30
7 62
60 8
59 66
66 62
47 8
14 38
54 24
47 18
33 20
60 57
16 38
66 54
6 14
53 48
70 35
8 24
60 47
53 12
56 8
37 44
33 5
66 29
7 26
45 62
50 43
64 62
35 46
59 62
65 19
55 19
24 37
51 58
66 49
48 10
62 61
48 64
64 66
7 59
46 14
21 8
64 47
15 7
18 32
33 48
38 69
28 63
33 58
38 59
3 66
69 46
48 15
8 58
60 14
18 67
38 33
63 7
29 36
64 60
25 15
56 3
47 22
8 61
5 62
7 28
38 45
13 22
57 53
47 17
66 33
56 36
45 37
64 63
17 42
2 48
7 29
22 24
8 36
26 29
21 37
58 42
4 35
66 60
37 66
14 59
2 64
43 32
30 37
26 5
14 61
32 6
12 43
22 60
32 50
43 8
23 32
51 37
7 3
57 68
15 20
7 1
26 27
51 36
26 18
56 52
3 38
35 59
60 26
60 46
32 58
25 53
70 63
44 54
35 40
54 30
37 62
22 7
46 35
35 15
43 45
20 51
38 56
22 35
27 20
58 34
34 37
53 45
42 15
62 22
49 8
29 5
56 68
59 5
23 56
18 42
56 32
33 42
64 38
53 36
26 29
48 16
58 3
62 16
63 59
27 37
63 61
57 36
12 48
55 42
43 10
21 20
56 42
4 29
66 45
23 68
57 43
64 42
64 37
10 35
19 15
61 29
49 64
36 64
55 15
57 51
64 37
20 68
38 35
40 42
54 42
56 34
56 59
13 54
42 36
48 60
50 66
56 54
8 38
70 62
60 6
19 53
26 10
12 58
22 33
66 24
52 58
30 38
20 62
59 24
47 49
42 29
12 62
13 14
66 63
29 46
66 40
7 58
35 25
2 7
38 18
54 46
20 1
39 42
56 63
62 48
36 54
15 4
12 19
38 54
50 54
8 18
53 37
42 15
16 36
64 46
3 47
48 42
42 41
37 69
31 35
44 42
24 20
57 55
1 63
57 29
35 64
57 26
50 18
32 14
53 57
67 46
68 22
69 63
20 64
46 41
52 22
30 64
38 59
58 56
7 58
14 58
58 10
29 3
25 20
64 29
59 4
22 6
53 22
31 42
70 37
14 57
66 63
59 34
47 57
53 26
33 27
38 35
63 15
60 26
43 39
18 33
18 39
46 9
10 32
38 5
46 45
62 27
44 19
42 27
43 11
6 63
47 29
2 63
7 31
4 47
47 11
22 50
58 18
18 46
8 69
43 68
46 37
46 16
67 22
66 28
3 46
24 48
58 69
20 37
67 20
70 14
59 9
56 29
69 14
62 4
61 37
50 23
43 38
7 46
10 63
12 64
10 64
14 30
33 59
51 8
15 70
68 63
14 48
62 23
33 8
46 8
36 4
29 69
22 1
62 55
61 26
46 57
17 32
13 15
30 53
19 35
59 64
50 53
48 20
56 13
8 15
39 37
26 35
42 63
64 5
42 56
4 54
29 38
2 22
46 42
4 23
4 24
22 20
28 36
27 36
4 64
22 29
2 37
60 45
5 47
45 19
3 37
59 37
29 48
47 69
61 57
6 19
64 9
22 38
39 59
43 34
48 36
23 42
43 48
35 60
26 59
24 57
32 66
57 14
64 52
26 7
19 29
29 52
64 19
43 31
48 5
53 59
24 40
49 19
29 27
24 29
53 46
14 40
22 27
55 26
18 13
48 39
42 11
51 60
49 37
7 13
53 7
1 35
48 26
53 39
55 56
48 45
66 1
66 53
7 70
42 32
3 33
9 42
61 53
66 68
41 15
56 61
19 41
24 26
37 6
63 11
22 39
17 64
24 46
4 19
5 53
38 42
59 21
54 52
14 44
36 6
54 1
20 29
26 23
19 68
18 53
42 43
20 38
23 33
36 14
4 46
59 35
18 65
69 18
2 57
8 48
37 46
60 4
57 62
25 29
2 35
44 35
26 51
66 47
64 56
24 58
14 9
13 20
19 57
23 15
6 23
29 42
32 18
16 66
36 32
32 59
9 53
14 66
53 4
48 64
38 23
14 46
12 29
47 35
20 46
18 10
38 46
67 66
43 6
14 10
3 42
64 54
38 51
70 43
68 36
64 69
37 52
36 18
19 18
28 59
29 38
47 26
35 27
19 1
51 23
11 24
26 62
38 8
38 11
23 11
32 46
42 35
19 24
32 48
59 45
11 37
63 56
24 26
7 66
35 66
8 20
19 66
24 35
19 61
38 28
32 40
58 35
32 53
58 61
1 14
25 26
27 14
36 24
32 59
63 62
67 38
65 66
22 51
68 48
7 14
23 52
3 15
22 23
70 24
23 64
10 29
66 42
36 67
24 8
22 49
31 53
56 48
67 19
42 26
6 54
58 5
68 15
45 54
51 56
50 24
20 2
23 53
14 62
43 24
38 36
36 63
10 20
26 66
28 58
35 60
14 23
32 24
57 1
7 21
14 11
11 35
53 69
49 20
38 17
24 53
46 43
52 18
7 19
54 69
63 62
37 63
36 7
62 33
38 55
66 46
62 11
59 18
29 24
42 7
11 36
48 63
57 21
54 32
52 35
48 66
57 38
64 34
59 8
47 28
69 59
7 33
64 25
35 6
60 18
57 34
37 14
12 24
37 28
53 28
56 33
66 20
64 15
28 43
49 42
64 57
18 70
14 25
61 33
7 41
20 55
36 25
38 49
7 46
52 19
29 32
8 27
49 32
28 57
29 58
14 28
31 36
7 23
33 28
40 62
60 66
36 44
59 43
40 64
59 55
62 46
41 59
46 11
31 60
12 14
6 38
56 24
64 55
24 64
10 62
19 10
31 38
11 54
11 57
15 38
29 15
2 32
54 8
70 58
29 70
28 54
10 24
53 58
41 48
19 5
66 43
37 18
56 54
4 58
56 26
62 51
38 68
36 42
29 31
35 5
15 52
66 14
27 64
18 15
57 35
38 61
14 15
22 17
70 54
53 66
12 22
33 8
53 8
37 43
59 15
63 18
24 41
59 49
42 57
64 66
54 40
50 64
12 47
50 15
40 63
31 14
16 22
7 24
35 19
66 56
51 15
66 30
68 18
22 14
2 60
10 57
59 56
64 21
40 37
66 23
13 60
58 55
53 20
63 26
59 42
22 46
59 22
3 62
50 60
66 17
33 11
13 8
36 33
38 14
15 32
62 56
22 69
60 11
52 47
36 69
63 31
62 31
58 6
22 41
62 53
54 48
1 59
26 2
18 14
53 22
57 8
24 33
56 39
19 60
37 8
46 8
4 38
34 18
57 22
45 15
24 47
26 47
64 62
22 42
53 7
24 46
55 46
38 41
28 15
5 24
42 63
54 31
64 35
56 40
38 58
67 8
47 10
60 49
18 54
2 46
27 38
64 41
36 30
5 14
56 69
69 43
24 6
31 32
63 46
14 42
17 36
22 45
68 64
43 52
43 18
56 50
45 63
19 50
36 13
31 57
16 37
26 45
15 56
17 8
18 41
33 46
16 19
63 22
42 18
38 13
42 22
70 53
23 22
42 7
62 50
54 64
37 31
3 18
38 53
13 33
62 8
23 41
39 19
19 57
33 52
18 26
61 59
22 15
51 66
9 38
48 53
59 33
29 23
47 37
34 54
10 53
54 26
26 19
40 22
4 33
38 12
25 38
63 22
35 21
38 32
32 47
46 26
26 38
31 26
48 20
23 70
12 66
18 25
66 8
30 59
18 53
42 25
15 57
18 36
54 37
26 46
62 48
61 35
70 46
19 3
8 41
54 68
18 35
42 64
62 25
20 59
62 6
7 29
62 33
24 53
2 14
7 66
70 38
18 48
53 34
62 9
66 57
46 29
30 22
53 32
64 15
42 45
56 53
26 33
56 38
64 58
13 37
21 14
30 29
47 2
29 40
14 24
18 51
62 41
33 60
53 59
64 53
36 59
62 53
64 6
32 55
54 5
55 8
69 57
21 58
60 3
66 27
51 59
47 1
18 59
22 55
2 23
70 20
8 19
15 56
57 41
69 66
46 17
56 14
56 47
57 59
9 33
7 25
37 56
62 30
35 45
51 32
48 56
35 23
25 24
52 26
23 69
12 63
60 37
46 32
35 20
48 42
34 48
22 33
46 64
29 68
4 26
8 35
23 56
61 64
49 15
15 5
37 62
52 14
3 14
43 2
24 56
37 25
45 14
66 54
23 12
11 20
38 34
33 31
66 42
42 12
46 6
35 39
1 43
22 58
52 46
37 66
15 24
58 30
20 34
46 56
59 68
70 57
22 18
37 41
13 43
46 18
18 21
54 12
59 50
43 27
66 35
17 62
7 43
5 63
67 62
39 64
33 24
49 56
28 56
42 53
22 66
37 58
47 35
63 48
66 18
30 48
59 16
33 66
35 32
62 35
5 22
59 57
43 66
1 23
57 3
50 20
59 67
46 54
14 48
38 40
10 7
24 28
8 25
7 60
11 56
53 8
60 20
47 55
58 57
63 3
22 34
38 1
33 56
67 64
37 14
48 50
15 54
23 20
66 47
35 37
37 35
33 30
11 19
52 48
15 54
58 63
38 26
43 22
5 42
59 52
5 66
59 11
14 68
24 61
64 60
59 8
35 56
44 64
56 22
57 63
70 66
42 28
59 70
54 42
7 19
37 17
13 53
24 59
14 16
35 30
57 32
68 58
20 69
44 46
62 38
18 22
23 57
32 20
57 37
24 31
66 57
46 12
42 47
36 26
9 48
14 50
14 60
18 49
22 62
48 18
7 69
64 14
18 29
32 52
19 18
34 46
24 20
56 14
63 13
48 35
22 25
29 6
7 8
24 13
33 6
47 41
48 24
18 37
29 1
48 55
33 19
11 29
64 18
66 46
22 43
41 26
33 32
53 1
69 19
56 36
70 60
35 28
35 34
62 59
68 35
1 15
14 8
33 39
6 15
7 50
1 26
48 38
43 18
28 60
47 14
63 8
29 50
24 64
56 2
45 47
60 56
48 1
2 18
70 48
10 37
27 57
69 15
56 67
68 8
39 14
35 8
28 62
59 12
49 46
70 42
22 59
24 32
37 9
38 7
41 32
56 46
37 32
65 23
56 64
26 69
47 70
47 6
29 62
26 14
26 12
50 47
14 19
42 16
18 15
18 14
32 68
41 36
10 42
32 63
14 24
56 25
32 14
56 17
50 58
24 47
23 26
15 26
4 66
22 48
37 26
56 29
40 15
64 31
37 5
17 60
14 7
15 33
47 20
66 38
53 42
54 7
42 59
8 48
18 23
57 22
12 32
31 56
66 44
38 22
64 33
47 14
7 37
57 40
50 46
10 23
66 48
36 35
14 42
12 33
6 59
51 19
58 66
23 43
45 29
61 46
15 14
42 6
69 48
59 10
56 43
10 8
31 8
26 68
62 54
47 32
31 20
35 68
62 66
3 36
20 52
35 69
60 59
9 15
42 47
6 53
60 12
33 23
17 18
33 46
57 42
18 64
41 56
43 3
18 24
62 13
32 29
13 64
57 39
61 42
32 35
26 42
18 61
56 70
31 18
54 25
38 46
48 37
32 69
32 56
38 52
43 21
7 17
56 62
12 36
59 63
58 8
58 2
53 38
53 52
33 38
40 33
38 18
22 31
13 66
2 54
8 12
15 27
20 17
49 57
62 36
24 7
50 63
32 5
62 32
30 15
43 19
20 35
7 35
18 60
45 64
5 36
46 63
8 14
18 29
36 35
43 62
53 23
36 49
59 17
48 49
43 59
68 59
67 15
16 64
18 68
14 4
26 50
29 48
4 37
10 33
51 42
45 23
63 20
35 16
68 14
23 18
32 66
38 24
34 19
48 33
1 58
35 26
55 24
42 8
20 54
13 42
7 68
61 22
24 22
40 18
18 28
22 29
45 24
13 35
59 64
59 29
66 56
33 64
14 58
8 1
33 70
42 50
45 36
37 42
32 33
7 35
7 52
35 62
14 22
59 20
64 36
18 62
10 60
52 66
19 8
64 38
20 41
3 23
23 8
43 30
25 43
7 22
57 58
46 15
46 30
40 26
40 36
36 23
39 38
2 33
43 42
68 53
20 28
32 1
57 35
48 22
19 54
38 19
4 32
37 33
64 58
39 46
33 25
38 2
17 48
29 9
11 7
48 26
57 38
60 32
57 48
53 56
8 52
67 42
56 22
40 60
41 60
4 8
14 23
54 57
51 47
45 32
33 57
63 25
40 43
22 54
27 56
15 35
44 48
47 62
66 18
33 69
65 20
22 46
58 45
29 8
46 57
46 5
35 23
37 67
18 63
1 56
52 57
3 53
54 3
56 10
33 26
24 2
10 54
24 66
24 3
19 22
25 32
36 70
35 3
13 32
39 62
44 15
57 64
37 23
1 46
19 28
47 60
27 53
46 42
40 8
2 62
20 61
48 51
29 60
37 48
7 40
42 19
9 35
19 17
37 59
59 60
62 18
34 14
26 17
48 6
8 29
57 25
13 26
66 22
45 8
52 63
66 6
8 18
41 66
53 2
20 26
57 13
24 35
64 63
36 54
59 3
66 9
20 26
26 53
19 30
8 57
26 66
55 18
35 18
50 33
23 62
37 29
18 1
19 62
8 50
39 29
36 50
63 24
23 17
48 4
43 57
36 1
26 59
1 37
48 57
42 37
62 8
53 47
62 7
42 2
64 53
24 18
18 33
20 42
48 60
9 19
32 60
26 58
61 43
7 64
62 29
18 58
42 33
15 31
34 42
53 46
22 35
26 6
62 38
18 27
54 18
48 11
37 68
2 8
53 60
7 8
43 64
32 48
37 55
7 32
66 38
24 51
47 18
32 7
36 22
14 59
53 11
48 28
37 19
4 43
40 20
11 58
15 37
35 48
60 25
26 14
11 66
3 48
5 60
20 32
66 8
28 46
44 59
68 33
10 38
23 42
35 58
38 42
70 19
20 14
49 62
15 62
21 46
54 59
31 66
59 66
26 49
17 15
64 68
35 56
20 3
43 9
59 2
20 39
36 46
43 5
46 62
37 12
54 22
12 35
36 55
64 1
66 23
45 33
18 11
19 56
9 36
23 9
47 68
20 47
8 5
64 43
64 14
19 63
47 7
60 55
33 1
51 7
26 62
29 64
53 15
42 32
15 11
17 57
14 20
66 58
26 43
32 19
56 8
42 35
35 50
8 42
14 62
22 37
10 22
24 17
48 7
46 10
4 22
13 29
32 62
15 12