80 20
21 27 36 38 32 25 34 35 38 22 24 33 20 34 33 39 32 21 36 34 36 30 25 36 25 36 30 25 36 31 39 33 34 25 39 24 34 30 38 27 32 21 30 34 36 22 20 28 40 21 30 30 26 29 24 38 30 24 30 27 25 30 25 31 39 38 30 20 26 26 28 39 33 29 34 25 22 21 24 21
39 33 44 50 36 26 24 30 34 25 33 40 33 30 27 22 20 34 49 27
1289
71 55
76 54
54 14
48 29
60 9
11 38
67 29
76 60
11 52
58 64
19 54
24 43
42 8
24 10
25 54
58 78
78 60
33 43
54 43
7 60
68 48
48 10
75 60
43 14
16 40
66 65
10 15
10 68
35 71
60 39
71 4
10 11
66 64
48 25
60 57
21 40
40 58
69 46
12 8
29 40
78 11
56 76
35 26
13 8
35 38
16 19
68 12
76 58
19 21
13 69
58 47
45 16
10 7
57 47
54 49
54 66
43 57
63 16
68 53
70 57
43 63
58 73
80 71
62 43
16 51
16 24
48 52
26 58
43 8
18 72
12 72
66 14
68 25
10 53
69 33
68 72
63 54
60 48
19 10
48 10
19 52
66 76
72 38
28 72
42 76
10 23
6 33
28 33
41 33
48 34
41 58
8 39
16 32
16 10
76 33
76 21
72 43
78 40
60 26
43 68
29 12
29 72
19 54
48 36
57 62
22 68
41 40
17 58
45 60
41 29
48 4
76 50
68 60
5 35
20 48
72 69
77 60
21 13
69 12
29 39
36 57
35 50
76 7
57 28
72 59
79 19
11 13
63 19
6 43
8 40
57 4
1 57
2 72
21 68
6 54
54 39
11 29
33 48
72 56
40 14
34 10
44 43
47 48
75 40
65 76
8 65
43 46
8 33
19 13
49 58
80 19
42 21
21 58
16 48
51 66
78 69
19 39
78 16
76 39
66 7
19 10
55 54
16 9
50 68
60 62
16 21
57 23
54 34
33 74
55 60
26 19
80 33
49 33
40 43
50 48
69 3
69 6
58 39
71 70
48 72
24 33
57 7
19 8
58 32
19 38
2 19
30 35
71 26
2 58
8 41
76 20
71 66
10 32
60 13
63 60
54 27
22 57
71 65
48 57
76 11
58 33
16 4
55 66
11 45
76 49
29 50
43 35
60 8
16 56
58 43
21 24
28 35
22 76
69 24
73 21
80 11
60 4
13 58
75 11
57 50
38 16
8 27
43 68
21 31
8 53
71 38
2 33
72 49
43 51
21 54
16 58
76 71
66 29
68 69
49 24
58 23
50 69
73 66
43 30
58 55
58 35
33 76
8 6
45 72
71 19
75 72
11 48
8 70
10 76
32 71
71 44
60 38
40 10
54 61
72 6
69 45
23 76
48 72
43 15
36 35
16 30
31 68
69 72
40 58
77 76
68 56
68 6
60 67
33 52
18 40
58 66
71 25
37 60
16 68
21 78
79 43
25 76
71 42
8 54
14 72
71 64
76 60
42 33
48 7
11 25
71 33
31 54
45 19
48 23
68 2
72 10
8 43
71 56
57 33
10 72
43 53
49 51
37 35
10 80
33 62
20 16
16 58
72 37
10 76
21 48
21 27
35 39
58 65
35 58
14 57
60 58
10 22
19 47
33 10
76 54
19 70
49 80
78 29
68 66
77 35
54 16
60 57
45 48
21 46
60 10
5 40
16 61
72 67
74 29
44 72
72 29
72 77
10 54
8 21
60 71
53 76
27 71
55 16
55 72
56 57
31 8
74 40
72 21
19 16
41 19
39 33
35 12
17 8
10 20
16 71
18 57
54 23
76 35
58 6
68 10
66 8
28 60
60 52
38 54
66 57
5 16
54 66
6 29
8 32
76 80
58 31
23 68
60 46
72 63
53 57
43 60
57 66
66 15
33 54
19 55
34 21
16 48
63 71
69 76
5 19
11 24
6 19
41 76
79 69
60 69
28 68
14 35
33 38
57 16
19 58
54 80
8 25
15 54
30 10
40 16
1 72
54 40
8 19
29 79
19 68
16 21
48 40
13 35
35 66
18 8
59 19
18 60
33 46
6 35
76 43
58 38
21 63
51 11
23 29
60 64
65 48
58 15
9 48
8 79
60 44
71 11
78 10
57 6
8 10
50 10
58 33
72 49
37 19
14 29
65 10
46 72
53 58
21 29
18 43
21 54
8 72
71 66
58 69
10 42
10 77
7 71
48 66
54 28
40 45
7 21
67 11
64 72
66 18
3 40
80 66
43 40
58 5
60 42
66 46
66 32
8 14
35 29
43 29
62 21
68 79
35 78
46 40
72 54
40 29
53 71
69 19
31 60
54 60
76 58
43 12
60 17
53 66
7 19
62 68
26 48
60 6
63 66
69 54
8 7
20 66
11 16
71 13
67 68
29 66
11 64
49 68
16 75
1 76
76 16
14 58
76 36
16 44
78 43
16 41
57 12
31 29
21 11
15 57
35 57
1 40
72 7
10 14
48 63
9 76
32 68
5 29
49 29
49 35
48 19
48 43
21 51
70 48
69 63
60 59
10 46
34 66
21 50
42 68
48 13
33 1
76 14
12 58
48 14
11 71
45 66
16 22
71 35
21 72
29 7
23 71
57 16
69 42
71 49
54 46
39 68
19 43
60 36
78 48
9 68
72 71
75 10
67 16
62 35
33 55
2 71
33 57
40 64
20 58
69 74
16 47
71 50
76 32
41 54
43 3
28 11
66 1
35 16
49 43
16 28
34 71
66 79
54 24
33 64
35 63
52 58
47 71
70 16
58 69
57 54
76 48
76 16
8 21
54 5
40 62
48 32
51 48
50 8
41 68
48 8
35 56
10 57
39 48
43 1
58 46
40 2
65 54
57 67
21 49
10 6
60 66
35 41
35 54
8 37
80 35
79 16
71 10
40 47
3 11
58 45
4 58
33 75
19 64
42 40
72 16
34 58
63 33
46 48
75 19
49 68
12 76
16 46
9 58
27 29
76 38
72 76
70 72
71 78
60 14
72 17
54 29
48 12
19 62
17 16
78 54
21 15
10 45
36 8
39 40
66 42
71 57
19 68
52 54
60 56
68 70
7 68
27 48
69 15
18 11
16 72
60 48
35 54
57 31
43 31
7 40
29 60
76 18
65 21
29 22
41 72
60 47
21 2
19 51
60 29
40 71
63 40
48 5
19 36
58 30
42 72
33 29
7 58
40 50
54 45
60 2
58 29
55 21
8 58
21 3
65 16
58 61
4 68
27 66
50 60
25 57
78 19
50 33
21 20
58 70
18 35
30 19
11 31
1 11
71 14
8 58
23 43
43 19
6 48
60 51
29 10
29 32
57 43
58 3
57 35
21 33
79 33
29 62
16 29
54 64
54 68
40 66
21 35
11 79
50 54
29 13
11 4
42 19
68 47
58 72
33 16
5 8
58 11
49 19
69 8
54 32
48 22
43 50
66 13
40 67
73 16
7 43
13 57
58 28
17 76
11 43
66 40
72 58
43 16
33 26
10 26
29 1
66 22
79 10
11 57
71 45
60 21
60 74
43 80
54 36
48 37
18 21
12 40
16 37
48 76
54 29
11 68
49 57
27 58
9 72
4 19
19 21
21 45
58 10
66 12
48 80
49 10
72 26
3 54
19 76
14 11
66 6
21 23
16 10
35 68
48 30
16 8
3 8
54 43
69 32
20 68
35 74
62 11
16 43
51 58
31 71
52 16
15 8
56 19
29 70
1 69
34 69
48 11
68 74
10 58
40 56
7 69
76 6
21 61
35 7
29 2
74 66
57 27
20 54
43 33
38 68
13 68
51 71
11 5
10 29
51 33
40 25
76 2
66 44
66 23
7 11
66 2
10 35
71 68
8 74
45 35
11 37
51 54
80 8
69 77
11 66
57 79
35 69
43 2
7 33
19 50
54 11
48 31
64 48
70 11
42 35
79 40
26 40
68 15
71 6
37 33
66 62
10 40
29 33
62 8
49 55
71 43
69 52
10 3
39 57
76 27
17 68
68 18
72 43
69 62
33 4
19 9
76 15
8 66
18 69
25 35
37 71
69 40
71 72
33 68
71 76
43 22
71 19
21 40
47 72
72 8
21 57
79 21
40 31
43 64
21 76
41 48
16 80
54 56
72 66
39 11
31 33
27 10
19 12
40 24
19 24
10 8
40 28
10 67
66 75
53 48
29 48
58 80
60 8
54 53
39 72
10 62
66 33
68 40
27 68
54 13
11 57
50 72
58 66
69 14
13 10
68 11
19 29
48 69
63 58
16 74
52 71
72 68
72 24
8 78
68 37
69 29
10 52
66 49
60 34
10 2
42 29
48 28
63 10
41 60
30 72
71 29
33 14
55 48
53 69
60 30
43 55
58 50
52 40
29 21
11 26
76 62
49 19
60 66
8 35
68 5
2 57
28 29
49 40
35 21
3 71
54 2
43 60
48 35
36 33
72 57
51 40
43 65
21 80
19 25
33 48
54 73
57 65
57 5
57 71
29 58
66 19
15 29
40 57
34 19
68 16
51 10
35 43
32 57
14 19
40 70
71 60
53 16
43 27
72 51
16 50
54 57
40 8
21 48
54 26
47 35
26 21
60 3
28 71
71 39
60 21
31 76
1 68
19 66
46 35
66 16
71 8
29 71
60 54
43 52
57 10
2 11
30 66
37 76
16 39
29 3
66 48
16 23
61 33
25 72
35 8
43 75
56 8
8 2
60 16
8 38
75 71
76 43
3 72
60 49
80 29
42 16
6 11
66 76
35 76
16 26
74 11
68 35
71 43
16 27
66 3
35 10
50 11
51 69
10 54
57 37
35 16
3 35
68 58
34 72
75 69
35 79
69 31
28 19
69 23
60 5
53 21
36 71
54 72
44 40
69 27
69 68
72 61
58 19
58 24
45 43
8 11
40 38
58 42
22 69
72 31
15 16
66 33
74 10
71 15
24 71
29 37
48 56
19 18
7 54
10 44
72 80
15 48
58 75
19 31
76 19
76 4
8 23
42 11
44 58
1 21
22 71
48 68
42 43
47 76
74 43
11 44
48 3
72 76
19 1
49 10
35 31
57 78
8 49
8 1
21 74
60 61
54 40
12 54
60 80
69 65
35 51
16 71
10 71
32 43
66 24
76 49
35 4
59 68
58 57
35 64
33 34
19 48
52 66
47 33
60 16
40 76
38 57
33 10
37 40
21 14
43 29
13 76
58 60
29 25
67 76
35 1
64 16
11 46
40 4
11 29
62 16
57 48
12 71
63 11
21 58
49 48
80 69
12 10
29 53
48 44
8 4
68 3
42 54
70 60
69 35
25 16
76 74
47 8
60 12
57 21
40 68
57 69
35 52
66 35
29 4
54 37
40 13
21 30
66 72
57 42
47 29
5 76
68 71
76 79
29 35
5 71
61 66
33 68
57 3
74 72
21 6
10 18
2 35
19 57
68 58
25 58
71 46
68 77
36 16
26 69
11 56
33 18
54 47
58 43
54 4
32 21
76 3
68 21
71 8
35 9
48 40
6 40
21 71
8 48
43 26
36 72
75 54
8 16
21 71
10 11
64 21
76 70
38 48
29 16
33 78
26 66
60 68
19 57
37 58
29 65
29 18
75 48
24 35
72 4
31 66
72 52
68 54
57 58
16 18
46 19
48 2
36 68
1 60
69 64
24 48
11 47
16 34
66 68
60 25
16 66
79 72
33 12
21 12
40 57
16 54
57 74
11 36
33 45
60 24
80 57
58 22
21 44
48 49
76 40
2 69
49 60
76 78
29 38
13 43
48 42
25 33
33 16
8 54
13 72
1 10
56 29
72 78
50 66
57 72
28 8
10 31
74 19
33 8
28 76
33 5
21 52
33 21
19 29
36 58
56 33
35 48
48 43
80 40
8 22
16 1
60 10
19 3
58 56
54 33
16 69
34 43
36 40
33 3
55 69
79 60
69 44
69 76
72 62
78 66
75 35
78 68
55 10
75 21
68 14
69 71
29 36
40 71
71 33
30 69
64 10
44 19
68 65
72 5
80 68
13 33