30
33 22 30 26 28 33 26 24 24 33 38 25 35 23 28 26 32 36 25 36 23 22 35 37 31 37 26 27 24 21
6
29 35 37 27 40 40
109
19 14
5 9
10 14
21 22
28 29
28 10
30 21
10 5
28 17
25 28
5 14
5 8
28 22
5 15
15 28
14 27
14 30
18 28
14 24
13 14
14 4
18 21
14 3
6 5
15 16
3 28
11 14
16 30
26 14
19 16
5 29
6 14
5 19
23 16
20 28
16 2
16 7
21 28
8 16
16 28
14 18
5 2
16 14
5 17
21 11
21 16
21 26
22 5
16 10
8 28
22 14
16 5
21 13
21 19
5 12
21 12
28 27
7 5
5 27
21 23
26 16
5 3
21 10
11 16
28 2
5 21
14 1
5 23
1 16
28 23
30 5
12 28
16 28
28 7
27 21
28 21
4 28
5 16
16 14
14 28
16 9
16 4
3 21
21 5
5 18
1 5
7 14
5 14
16 24
25 5
5 20
21 1
25 14
16 12
14 8
28 9
23 14
28 14
5 4
14 20
28 30
20 16
28 19
14 12
28 1
16 13
18 16
16 22
16 21