40
24 22 27 23 34 37 25 23 28 40 28 37 20 38 21 31 29 33 20 30 32 38 27 23 20 26 26 28 34 31 24 36 32 27 34 23 31 27 31 24
8
50 39 31 43 30 35 32 44
770
3 10
33 22
7 9
28 33
31 6
25 1
19 24
33 2
17 10
35 40
26 39
24 14
4 35
10 12
17 27
21 3
26 22
11 12
36 28
22 40
20 27
20 9
25 20
12 20
3 1
12 5
18 1
24 39
8 18
25 9
3 37
33 16
5 37
15 6
40 39
21 23
22 16
16 6
7 20
16 28
16 27
24 18
5 33
15 1
8 10
37 11
38 14
16 7
3 6
23 36
20 24
6 1
1 23
35 12
25 14
18 39
25 33
9 32
20 16
23 5
27 15
36 38
32 5
26 15
33 1
15 24
32 11
10 40
32 17
14 16
38 15
17 23
29 8
15 40
30 4
14 40
24 9
14 23
24 10
32 16
35 23
12 23
14 13
31 3
32 16
3 22
5 2
26 31
25 5
25 32
4 10
18 28
22 37
23 35
18 19
32 21
12 28
14 27
1 5
19 8
29 16
23 18
30 29
7 35
32 15
38 6
33 39
5 15
19 21
9 16
20 30
27 8
19 38
5 30
19 30
12 39
1 5
7 3
27 30
4 3
5 36
28 19
35 21
40 17
36 30
27 36
32 19
3 32
5 19
14 15
27 37
39 37
12 1
33 13
36 20
21 1
5 8
27 5
35 38
39 1
19 31
20 1
22 39
23 15
11 16
31 23
18 25
7 11
26 4
10 27
11 21
20 23
9 31
8 3
10 35
15 7
5 15
22 6
38 1
14 28
2 16
16 13
38 5
24 36
38 29
21 29
30 28
5 31
13 32
36 14
19 17
30 24
27 3
24 23
40 12
16 1
32 18
38 30
24 14
35 1
22 35
24 32
17 19
8 20
22 31
7 38
35 9
5 12
21 33
28 10
17 12
20 3
12 4
40 38
36 35
9 1
24 25
3 36
7 39
30 39
5 8
20 30
36 12
27 14
3 37
4 20
8 30
9 8
3 5
14 15
27 38
27 1
28 35
38 16
7 22
33 1
19 1
35 33
17 1
27 7
25 16
37 29
36 12
31 33
32 1
6 24
6 38
21 18
39 5
22 31
6 26
31 17
12 28
1 14
24 3
12 7
1 28
25 8
35 25
36 35
19 39
36 22
7 23
6 10
22 12
22 19
10 39
11 22
38 17
9 24
10 16
27 39
22 3
24 35
12 30
37 14
25 14
25 8
40 32
14 40
5 17
21 36
20 7
7 5
23 37
10 1
24 29
11 19
5 3
27 31
4 29
23 30
29 36
16 3
29 1
32 2
6 30
3 15
10 19
17 1
6 22
5 27
27 6
15 3
25 5
40 5
31 21
14 30
38 12
38 22
24 11
1 38
19 30
27 25
30 32
27 3
28 35
11 30
25 10
39 20
6 5
6 14
15 24
35 19
14 35
36 14
5 39
33 30
39 24
27 6
38 36
23 33
36 7
35 39
38 32
38 40
1 35
35 3
20 35
7 14
17 26
3 30
12 1
27 22
31 16
30 31
14 33
21 15
11 17
8 32
12 16
28 32
38 7
16 39
26 24
16 19
36 37
12 37
21 23
7 28
20 38
40 19
22 24
31 12
19 27
22 25
7 17
29 14
3 6
2 8
11 33
20 37
24 38
38 31
39 14
6 37
1 28
4 12
32 37
27 16
21 1
35 20
3 25
24 30
24 20
27 22
29 23
19 12
33 20
5 30
36 1
6 23
12 15
20 15
9 27
5 18
35 27
26 1
9 30
18 7
17 29
15 33
7 14
30 22
6 7
3 7
3 40
30 40
40 29
39 27
10 23
15 27
27 33
10 31
32 8
11 6
12 40
1 11
19 3
30 12
34 5
24 2
12 24
36 17
15 39
1 30
1 9
37 26
8 14
38 31
12 31
2 1
15 22
23 1
10 7
37 12
29 39
17 36
31 19
5 35
18 14
5 6
11 14
14 32
31 15
18 15
15 39
27 19
32 34
6 21
30 34
20 12
3 20
40 11
35 25
15 1
5 24
1 3
31 36
22 7
39 31
33 37
32 35
19 20
38 24
12 26
8 11
3 29
29 22
33 26
31 11
1 25
13 3
6 21
8 22
20 29
4 39
12 15
27 40
7 16
9 31
30 10
37 31
31 2
5 9
17 38
40 9
23 12
6 20
34 1
26 14
26 7
7 12
38 15
6 1
12 22
38 10
24 32
21 38
38 20
25 7
7 37
30 7
1 14
22 18
31 36
4 19
40 39
24 3
33 24
30 33
40 36
25 24
12 25
16 20
29 15
9 32
8 12
16 5
5 11
25 3
3 17
20 31
38 26
8 26
35 15
16 3
39 12
4 32
24 37
7 21
12 9
28 27
20 11
35 31
6 23
37 22
36 3
33 34
2 12
37 25
29 27
3 17
15 7
2 27
40 18
9 16
36 20
12 14
8 37
1 19
12 21
12 21
35 29
40 33
37 40
12 19
4 35
35 5
25 11
17 31
11 27
18 20
4 11
5 7
27 12
7 33
30 40
32 5
30 26
40 3
38 5
36 16
3 21
22 39
14 3
24 27
27 28
14 19
38 37
24 23
18 27
7 32
14 16
38 35
21 24
15 9
26 5
29 31
25 29
20 1
14 30
1 13
36 33
21 30
32 26
21 15
32 27
12 18
9 7
38 30
38 37
5 24
9 14
27 30
24 6
22 17
3 30
36 30
11 15
39 17
35 27
36 27
14 12
16 12
25 17
32 20
35 19
20 17
3 2
27 20
32 25
8 3
12 9
39 14
30 31
15 10
36 10
14 32
15 35
7 30
33 7
14 37
35 39
34 16
18 38
31 14
9 17
24 17
37 36
3 14
2 7
20 19
40 26
18 4
38 27
9 22
36 6
16 26
13 30
11 36
11 35
27 4
27 9
33 10
22 30
35 7
36 18
30 25
12 3
35 24
38 22
39 1
17 14
14 4
9 4
7 34
6 15
19 38
6 18
32 10
9 33
3 19
7 17
27 32
37 1
9 15
27 12
19 7
17 32
7 32
38 12
3 33
21 40
22 24
13 7
14 23
3 32
31 32
24 16
7 37
15 30
30 6
18 3
23 19
4 37
39 6
22 4
25 12
27 31
30 15
21 16
22 15
27 37
31 15
31 3
28 5
10 37
27 1
7 27
6 19
8 35
24 12
37 24
31 32
15 40
23 27
32 23
6 7
6 14
33 19
3 4
22 1
37 19
16 40
6 9
4 39
1 36
22 23
33 38
27 25
30 21
32 15
29 5
12 3
34 12
33 18
19 29
8 36
15 37
19 14
16 23
20 26
22 35
22 36
39 36
30 1
23 27
14 35
20 37
36 32
20 40
5 31
26 35
40 27
12 35
17 5
1 16
9 37
29 7
37 1
15 23
5 16
32 39
1 22
27 21
39 21
35 21
40 22
40 35
32 22
14 38
15 16
26 3
9 30
22 19
35 3
39 7
32 1
22 23
4 36
27 21
18 31
24 27
35 32
38 4
22 9
15 16
14 28
35 6