200
40 33 21 40 23 24 23 36 21 25 39 39 30 24 24 37 26 32 29 37 38 20 31 26 22 30 37 20 25 39 39 27 40 25 37 37 30 26 37 35 34 21 24 22 25 36 28 29 32 20 31 27 34 33 33 20 31 28 28 36 29 27 24 33 31 24 28 35 35 25 38 38 38 36 21 30 30 21 22 40 31 21 21 26 20 35 21 40 22 24 39 34 33 20 34 29 34 31 21 38 30 34 24 29 32 24 32 27 29 20 34 39 31 30 28 23 34 21 24 40 29 37 29 20 39 26 23 23 23 24 24 21 37 39 24 21 21 35 20 27 31 27 30 27 26 37 30 40 23 40 27 27 39 22 24 27 26 30 30 39 40 26 35 37 31 25 27 33 26 40 36 28 27 23 27 39 31 37 34 23 32 27 24 40 21 26 34 37 35 33 26 21 37 40 36 37 23 40 33 21
20
30 27 43 28 31 32 30 44 36 29 37 43 50 43 45 30 31 48 26 31
1691
52 23
127 152
43 132
52 156
29 105
161 34
99 105
122 58
56 15
39 52
142 15
175 132
156 161
180 68
152 69
180 99
15 69
89 152
9 15
149 58
15 93
100 126
151 180
100 4
66 132
161 132
29 58
13 100
52 119
52 78
100 186
16 161
62 105
58 25
23 152
52 85
15 44
52 180
115 58
177 58
105 8
15 81
52 121
105 150
52 72
159 58
157 161
123 132
2 152
47 52
179 152
152 20
132 51
132 168
162 105
132 176
105 24
50 161
198 180
36 79
79 152
52 107
53 161
164 52
91 132
143 161
102 132
132 55
132 199
184 52
152 27
15 196
58 50
161 9
65 152
58 100
76 100
171 15
57 180
62 180
117 132
132 84
64 132
152 135
41 52
105 76
58 167
161 40
15 135
36 184
90 105
41 152
144 15
183 100
132 155
161 126
58 97
104 36
58 34
60 52
132 166
100 74
52 138
105 115
58 31
146 161
189 152
170 100
132 53
15 197
105 191
137 105
178 15
132 26
146 180
9 105
98 100
63 161
111 105
132 127
159 105
105 71
154 52
161 200
160 100
52 21
52 126
143 152
180 136
100 165
52 93
58 71
52 8
132 186
58 138
127 52
52 43
152 93
161 152
112 161
55 180
15 105
100 9
124 132
100 23
142 132
132 85
13 152
100 52
100 92
34 105
180 98
125 180
105 179
58 96
161 51
132 25
115 52
132 153
100 137
180 22
180 38
15 29
180 102
180 186
10 15
62 152
142 52
180 161
52 68
47 100
180 133
180 96
180 132
82 58
158 132
7 161
184 180
132 114
100 62
149 161
132 98
23 15
132 188
87 105
137 152
159 152
63 52
130 180
69 132
105 42
152 18
41 15
180 48
66 105
199 58
58 52
184 132
180 196
132 147
105 121
171 52
148 152
74 161
46 152
58 153
52 176
161 26
100 81
161 13
15 161
161 91
161 193
58 118
157 105
52 73
180 2
124 180
100 42
41 180
161 62
180 69
182 180
58 139
104 52
93 105
32 152
81 105
178 105
100 192
96 100
152 105
132 111
15 4
152 165
152 15
47 105
123 52
194 100
105 199
82 15
81 58
187 152
61 105
161 108
144 105
111 52
52 62
1 180
105 2
100 168
152 200
44 105
105 55
68 15
180 105
58 146
37 100
161 173
66 58
198 161
154 152
104 180
86 132
15 132
195 152
28 58
100 149
23 105
109 105
152 175
36 71
180 42
161 70
105 135
108 180
36 57
98 58
186 15
152 186
132 128
15 151
58 20
187 58
15 175
140 161
196 105
146 152
36 154
182 132
92 36
100 29
163 132
158 58
161 166
180 152
77 15
114 100
1 52
130 161
5 132
58 6
180 8
180 12
52 83
189 105
161 52
161 141
33 58
161 83
180 155
52 48
9 58
132 49
9 152
116 100
70 15
134 132
149 52
200 52
132 45
100 25
180 77
52 99
130 132
132 73
86 152
162 132
168 58
185 152
105 143
132 140
99 58
152 74
98 36
161 185
132 88
83 180
147 180
44 58
15 86
196 58
193 132
161 28
155 58
36 11
15 21
15 12
100 169
58 129
15 180
105 53
132 10
15 49
105 95
52 25
52 186
152 12
83 152
105 20
86 100
126 132
132 105
57 52
100 197
152 87
26 105
189 52
192 15
58 89
121 58
152 5
15 7
168 15
177 180
180 39
193 100
3 161
180 3
161 49
36 112
52 195
132 28
181 105
148 132
180 31
196 152
100 188
91 15
161 73
100 10
112 180
52 94
155 52
36 131
180 135
190 132
180 85
10 52
180 34
172 161
20 15
105 36
52 4
35 161
189 15
58 16
187 132
15 113
161 36
180 172
146 36
122 180
150 152
88 152
27 100
58 143
126 152
97 36
78 161
100 20
161 106
183 58
100 28
52 96
132 14
3 15
58 189
132 104
152 111
100 55
200 105
4 180
152 26
182 100
100 105
170 36
180 166
59 180
100 128
105 97
195 105
148 105
52 15
56 152
180 142
180 103
180 120
3 52
132 95
84 161
110 132
12 161
124 152
161 104
45 180
36 180
10 58
15 89
15 30
180 178
152 8
79 180
180 153
180 60
152 82
121 132
58 47
52 118
161 155
136 52
100 61
15 48
58 114
161 85
25 36
100 91
132 36
100 120
153 161
161 134
121 161
132 40
161 167
15 112
161 93
29 52
15 159
79 105
45 58
174 58
100 30
191 100
180 33
15 108
144 161
124 15
21 132
152 28
155 105
161 132
116 105
174 15
197 105
58 123
145 58
58 157
15 118
58 83
161 182
161 102
115 180
100 132
39 105
38 152
105 103
68 36
25 161
105 107
52 15
15 148
20 161
180 75
152 64
110 52
180 74
6 105
84 52
180 131
45 105
192 161
52 38
180 89
189 180
15 60
36 125
183 161
29 180
95 36
7 58
96 132
58 160
58 166
105 182
15 165
104 15
52 95
161 113
24 15
152 139
58 132
194 15
105 46
6 15
100 16
15 147
58 178
120 152
58 79
80 132
132 17
137 180
132 115
34 152
185 58
101 152
151 161
80 161
127 58
52 42
161 27
162 180
58 128
105 54
52 105
58 111
52 32
180 161
47 15
52 50
119 105
132 156
177 52
52 158
167 52
109 58
161 195
105 98
180 200
3 100
92 152
105 49
61 152
70 58
36 143
105 145
115 152
78 180
52 69
152 30
194 152
180 171
180 10
105 92
71 15
18 105
93 132
152 35
25 15
88 15
128 15
105 73
180 170
155 100
132 100
180 105
172 52
81 180
47 152
160 180
152 164
61 58
172 105
169 161
89 52
58 86
100 15
154 161
105 113
184 15
64 105
177 100
180 23
125 100
105 102
188 58
132 138
52 150
152 138
38 15
163 15
105 187
100 80
152 191
74 58
161 64
132 180
152 1
72 180
161 175
129 100
40 58
23 161
15 64
33 132
100 138
52 36
168 161
71 100
60 58
195 58
25 152
161 196
52 187
6 132
52 163
100 113
105 100
180 20
15 42
52 192
58 72
194 161
96 152
58 26
180 150
138 180
132 74
119 132
36 161
52 67
89 105
177 36
180 27
161 186
100 67
180 63
97 152
58 63
36 41
66 52
77 132
105 78
177 132
180 64
164 100
161 145
36 17
15 78
100 119
66 161
120 132
45 100
41 161
64 52
131 132
105 140
180 35
19 152
62 15
15 115
161 92
14 52
44 161
188 15
169 180
104 105
36 75
100 87
52 27
58 191
76 132
105 16
22 100
105 132
71 180
128 161
187 15
52 75
122 52
152 132
18 15
121 100
166 15
15 155
123 180
132 172
200 100
52 141
108 58
15 200
52 173
132 81
99 15
52 117
48 105
173 100
36 38
36 190
11 100
160 132
154 105
37 15
101 105
169 105
161 136
175 58
4 152
161 38
16 52
58 192
100 127
152 174
109 100
150 100
152 16
52 45
7 152
100 64
138 15
58 42
15 141
53 100
152 190
26 15
181 180
100 159
152 58
86 52
36 58
15 45
24 100
71 161
152 193
132 171
31 161
105 167
161 164
152 24
61 132
66 36
169 15
173 132
143 15
84 15
180 82
58 135
4 132
52 56
161 127
100 63
105 17
15 35
125 58
52 105
131 58
74 15
100 178
40 100
58 51
40 105
198 100
57 152
180 16
31 152
199 100
152 192
161 103
100 78
180 51
2 15
96 15
84 105
161 190
180 47
58 102
44 152
100 69
15 150
161 6
170 132
15 31
116 52
100 163
168 152
15 172
15 28
152 60
54 132
152 183
162 161
152 129
58 43
52 76
152 63
40 52
180 6
9 52
100 196
119 161
173 58
2 58
152 105
180 5
152 48
105 58
180 36
91 180
105 110
5 58
71 132
185 52
105 21
108 132
63 105
15 120
60 100
58 57
58 136
100 157
185 180
105 68
113 132
52 170
58 39
161 56
134 100
17 180
39 132
33 105
100 110
194 58
93 36
15 145
199 52
180 107
58 130
50 15
100 59
179 132
11 152
12 100
89 36
22 58
105 166
105 183
53 58
191 36
100 85
190 52
23 58
131 100
161 100
44 132
41 100
53 180
36 117
132 178
109 132
161 105
148 36
144 52
161 171
105 31
152 114
15 180
132 94
50 36
132 159
100 104
19 58
32 15
117 152
105 72
70 105
192 36
180 66
161 69
100 51
105 129
180 92
75 161
86 161
176 180
15 27
52 6
105 139
161 179
152 147
58 144
89 161
133 58
52 54
18 132
105 149
15 126
100 162
52 132
180 140
152 197
152 167
86 36
132 2
100 136
187 161
180 9
152 94
138 161
15 161
32 105
36 81
180 118
80 15
180 173
40 36
52 77
51 105
52 33
152 156
58 112
150 132
100 130
105 94
180 164
100 190
15 152
164 132
84 58
163 180
71 52
80 52
100 88
58 165
180 40
52 191
105 174
19 52
43 100
75 15
142 105
48 132
100 139
52 129
132 29
161 57
52 65
100 148
58 134
85 58
58 119
100 118
109 52
15 132
161 177
14 152
87 161
180 192
36 19
180 159
100 52
35 100
58 197
101 100
54 152
52 26
76 152
105 151
180 52
103 58
180 87
52 188
132 56
52 161
180 67
100 17
161 125
105 198
134 52
30 132
132 16
58 4
149 132
126 180
67 15
152 184
6 100
115 100
152 130
77 100
166 100
180 13
22 152
80 105
100 99
152 188
154 180
95 180
180 179
58 37
15 129
105 133
58 140
15 100
190 105
107 132
6 152
143 100
162 58
141 100
70 36
100 44
94 58
58 87
5 15
36 137
161 122
56 100
78 152
152 90
128 36
156 15
29 152
113 58
49 152
52 132
121 15
155 152
100 117
180 61
130 15
52 169
134 180
46 161
130 52
58 80
152 58
72 152
1 58
180 157
81 161
51 52
180 145
52 112
52 28
119 152
100 58
161 111
47 132
105 74
100 54
132 144
58 126
92 58
51 15
156 58
58 154
180 21
55 152
52 92
100 18
58 68
52 7
152 66
36 15
70 152
51 152
161 10
52 125
97 100
180 158
100 83
161 159
127 105
110 180
119 15
58 36
192 105
58 38
180 58
58 93
33 15
140 15
14 161
90 100
32 132
105 36
67 132
180 114
136 105
58 46
137 52
135 100
15 114
21 100
152 180
40 15
180 46
57 132
174 52
100 93
109 15
161 29
180 175
8 15
105 185
180 54
194 180
148 52
109 152
18 52
161 178
161 94
180 143
52 152
100 32
180 24
200 58
161 137
105 15
36 26
33 152
132 112
168 105
36 52
175 105
145 100
1 161
132 125
105 41
152 177
197 161
11 132
105 1
152 99
94 15
170 15
15 191
196 132
187 36
58 180
15 198
58 30
161 142
11 105
180 11
15 98
105 7
114 105
10 105
100 112
105 13
169 132
15 110
103 52
152 176
71 152
132 38
15 195
180 167
58 15
15 139
107 161
87 52
132 167
15 131
152 169
132 65
180 117
188 180
172 58
47 161
135 132
91 152
152 40
7 132
52 5
58 55
152 178
1 15
90 58
43 161
65 105
52 151
174 132
132 50
85 152
42 152
49 58
88 52
152 173
152 43
23 132
147 52
105 130
166 52
58 95
165 36
100 156
146 100
132 68
105 28
161 135
65 180
15 185
88 161
126 105
72 100
19 161
121 152
100 75
184 100
58 91
25 105
110 36
105 86
57 100
15 17
58 24
100 26
56 180
100 154
180 32
156 105
157 15
138 105
39 15
97 161
164 58
37 132
132 60
120 105
15 46
34 15
15 183
178 52
92 132
100 49
119 180
141 58
100 174
132 139
180 76
180 94
161 95
50 100
141 132
85 105
15 154
193 15
36 33
113 152
3 152
180 19
166 152
188 161
180 80
114 161
161 124
191 161
58 137
105 188
110 161
194 105
132 8
100 161
135 52
58 163
52 131
132 20
54 15
15 116
180 101
131 105
180 156
36 116
79 161
63 132
36 56
132 165
82 100
67 152
144 180
46 100
105 170
180 88
161 39
37 180
14 180
100 38
149 15
171 105
161 131
58 13
82 161
199 161
128 52
36 15
100 102
100 8
75 58
176 161
104 152
129 161
90 132
98 152
36 31
105 35
148 180
55 15
79 15
105 186
15 199
152 170
67 161
15 58
55 161
60 161
167 100
186 36
52 153
121 180
152 10
55 52
52 140
100 2
11 15
79 52
90 161
58 21
139 161
132 189
131 152
152 160
100 95
58 41
36 156
58 35
97 52
50 152
161 11
132 183
16 15
73 58
160 161
35 132
146 105
52 70
58 27
124 36
15 122
161 72
105 118
33 161
61 161
143 132
19 100
52 13
43 105
17 52
21 161
198 58
58 193
183 180
153 152
132 97
96 161
193 105
15 19
180 100
193 180
37 52
158 15
14 100
161 163
72 132
31 132
105 22
161 115
3 36
105 88
36 145
161 116
58 186
15 146
62 132
161 30
180 84
160 15
1 100
41 132
36 20
11 58
120 52
124 52
35 52
18 180
58 12
180 187
109 161
58 105
58 67
83 15
122 105
182 36
58 110
152 68
161 158
52 91
58 142
36 132
34 100
132 116
81 152
197 52
197 36
52 145
132 19
161 24
165 52
180 109
152 110
100 94
90 52
88 58
15 107
117 161
152 103
180 73
100 111
180 30
161 68
15 123
173 15
52 34
5 100
152 158
152 157
180 191
139 52
94 36
54 58
89 100
100 195
36 64
124 58
58 190
48 100
152 118
15 137
169 58
157 52
180 28
15 176
15 72
108 105
91 36
161 42
161 147
123 105
165 161
100 7
13 132
80 152
100 124
98 161
105 56
132 146
132 129
15 13
180 100
58 69
100 179
36 8
14 58
58 52
180 195
105 30
7 180
152 125
36 163
19 105
152 141
145 152
36 150
37 105
134 152
163 152
189 161
76 36
100 103
44 52
176 100
73 15
70 180
68 100
22 52
27 132
66 100
105 57
161 123
160 52
52 152
184 105
15 190
132 34
152 17
147 100
105 50
164 15
52 175
15 182
180 26
179 58
78 58
132 191
134 15
180 113
52 146
4 161
15 65
65 100
12 132
105 82
90 180
168 52
199 152
105 14
147 58
164 105
100 31
107 58
100 158
149 152
3 105
132 194
132 46
105 12
52 196
52 193
118 161
58 176
58 104
105 124
15 85
36 9
180 97
103 132
15 61
50 180
56 58
185 100
76 15
132 152
122 132
99 161
22 161
198 132
58 64
87 15
165 180
174 36
105 69
49 180
127 15
24 132
182 52
37 161
15 22
161 2
3 58
157 132
152 198
105 117
105 173
159 52
105 161
132 58
111 180
75 152
58 171
132 145
5 105
152 102
105 77
180 141
100 187
36 83
4 105
161 152
152 116
177 15
151 132
34 36
161 54
180 86
100 175
105 59
43 180
161 174
179 52
15 125
167 15
33 100
180 139
100 70
183 52
58 116
195 132
152 182
82 52
2 52
79 100
105 163
58 151
37 152
52 108
132 22
112 152
152 95
62 58
132 1
161 45
152 128
21 152
152 77
74 52
102 52
105 83
100 153
117 58
152 136
45 152
132 197
15 136
132 70
5 161
105 128
100 189
15 57
75 105
58 182