30 6
40 22 25 40 35 28 25 35 33 37 21 37 21 21 34 21 29 40 33 28 38 20 24 35 20 33 36 36 38 33
29 28 24 40 24 20
369
18 11
6 17
30 5
12 2
14 22
14 30
28 8
12 14
27 22
23 9
28 14
8 2
10 6
4 11
23 22
22 13
25 2
6 12
26 5
13 12
30 11
14 2
8 6
30 13
23 11
9 6
6 4
28 11
22 18
2 15
20 18
12 7
26 6
2 13
28 26
29 18
6 4
30 1
22 9
26 18
16 6
4 26
15 14
2 18
17 11
8 30
23 21
1 13
2 17
29 2
23 22
22 10
13 8
30 22
8 28
29 30
22 29
2 23
12 30
5 11
29 9
28 26
2 9
5 12
26 8
22 21
25 12
18 24
29 13
26 5
17 28
6 7
16 13
18 28
19 4
1 23
12 19
29 1
29 14
26 13
29 6
5 10
5 19
5 1
14 18
11 4
29 11
30 3
8 11
4 28
22 12
21 18
28 2
27 12
8 16
12 14
12 6
8 30
30 10
26 27
23 3
15 4
14 8
14 23
8 9
4 27
8 27
9 22
30 7
8 1
4 18
17 12
24 8
8 25
24 5
15 13
3 12
10 11
16 5
22 4
28 29
13 28
23 28
2 28
5 22
7 13
30 6
5 20
21 12
5 2
6 20
26 30
12 23
26 12
4 23
4 28
13 21
20 29
22 24
14 11
17 22
17 29
4 24
29 28
25 22
20 23
15 23
2 10
9 30
13 24
22 4
20 9
9 18
17 18
28 30
22 12
23 29
26 25
30 23
24 30
6 1
22 28
6 27
9 11
23 27
8 22
29 30
24 2
16 26
20 30
29 27
12 18
15 22
14 21
12 24
27 18
29 22
4 23
4 9
1 4
6 25
8 12
17 23
23 26
30 12
13 19
12 15
5 9
18 23
27 2
6 28
11 30
6 14
22 8
4 26
28 22
11 15
2 6
11 13
18 2
12 2
8 9
27 9
14 26
23 10
5 4
5 28
20 14
4 2
16 4
10 18
30 16
5 29
29 4
25 18
19 22
4 8
2 5
25 9
6 24
26 22
14 27
9 26
27 5
19 30
18 22
30 21
11 21
20 13
5 30
12 13
30 6
8 11
13 6
28 9
13 9
4 18
9 11
9 29
17 5
5 21
11 25
30 14
18 15
11 12
9 2
18 30
20 26
15 26
2 4
27 13
26 17
30 15
26 21
21 6
14 5
21 29
4 8
9 30
12 20
8 21
15 5
6 15
5 8
23 8
25 23
19 2
5 12
14 19
14 6
7 22
8 29
4 12
22 16
26 22
21 2
16 11
30 4
9 17
24 14
4 7
19 6
12 16
18 14
9 18
6 8
7 2
28 11
4 9
14 9
26 1
11 24
16 23
2 29
9 1
18 5
17 8
18 5
11 12
11 6
10 12
5 4
25 5
30 2
8 26
2 26
14 7
18 26
18 8
27 30
18 13
11 26
18 30
30 2
9 12
29 12
9 16
10 4
30 17
8 18
2 6
18 6
29 26
4 29
16 29
26 29
26 9
28 18
19 8
5 22
2 14
1 12
1 14
30 4
29 8
16 28
8 20
11 29
8 10
10 13
12 4
30 25
3 2
20 4
22 6
10 14
26 2
6 22
25 29
8 12
22 30
23 30
12 28
18 1
11 27
29 18
2 16
5 14
9 21
4 21
26 11
19 11
11 18
22 14
23 12
14 26
8 2
2 23
16 14