30
23 28 25 28 28 37 35 30 29 35 31 34 29 23 24 33 22 36 39 36 40 35 32 21 27 32 32 26 24 39
6
28 39 43 45 26 32
137
23 22
6 21
20 10
17 12
27 30
23 15
12 10
24 6
30 26
9 6
29 23
5 26
23 10
8 30
10 24
12 27
3 6
2 26
10 6
5 12
26 4
18 10
29 30
21 12
10 30
6 13
23 25
4 10
30 6
23 3
6 26
10 2
6 5
10 23
10 25
23 14
1 30
28 30
21 23
12 19
23 26
21 10
13 23
6 15
1 12
23 24
10 12
13 30
12 18
12 23
30 5
13 26
12 9
23 11
30 9
26 8
12 23
25 30
25 6
30 22
24 30
6 26
12 30
13 10
12 20
10 6
3 12
10 19
30 17
17 10
8 23
4 12
23 16
20 30
26 22
10 9
3 30
8 6
26 30
30 16
26 9
14 30
30 4
27 10
12 8
10 15
19 26
23 5
2 6
10 26
14 26
17 26
23 1
26 29
10 16
29 10
29 6
12 29
12 2
11 6
18 30
26 1
10 14
10 26
30 15
18 26
30 12
20 26
1 6
6 17
22 12
12 14
10 8
26 23
21 26
11 12
27 23
12 28
6 27
22 6
27 26
23 9
19 6
12 6
1 10
19 23
23 30
14 6
28 10
6 16
23 30
13 12
6 12
17 23
2 23
6 30
30 10