50 10
40 28 26 26 32 37 26 28 27 20 39 36 40 39 28 36 29 32 35 32 20 31 37 25 34 29 25 22 33 30 20 20 32 29 23 38 29 26 36 31 29 39 29 21 34 31 39 29 24 34
30 24 44 30 31 22 47 40 37 41
297
5 13
16 33
42 32
30 25
37 30
25 33
25 23
46 32
2 33
38 37
35 37
46 20
42 5
20 25
42 1
5 26
25 11
25 33
16 20
5 25
37 18
18 16
30 9
31 46
42 43
16 24
16 8
13 16
13 37
4 16
37 49
25 41
46 43
5 43
5 37
25 13
5 36
46 11
35 5
27 42
3 16
45 30
33 39
14 37
4 42
33 11
22 25
4 30
5 23
38 42
19 33
16 21
46 33
22 16
37 25
46 3
37 39
46 21
24 25
25 7
5 7
34 16
25 46
11 42
16 15
42 46
6 16
28 16
16 43
25 29
25 46
46 50
15 37
46 18
30 46
3 25
25 30
42 7
30 44
42 41
33 1
46 5
13 42
16 11
37 4
39 42
35 25
24 37
42 8
16 25
28 25
5 1
44 33
42 30
5 12
16 2
46 38
19 46
35 33
28 5
7 37
30 23
22 37
30 48
30 6
40 16
16 26
42 37
5 16
37 50
37 48
42 16
46 24
1 37
37 45
16 14
43 30
15 25
35 16
37 5
30 16
33 42
16 50
9 25
46 34
33 21
9 46
29 16
7 30
20 5
39 16
14 30
47 46
23 42
27 37
36 25
37 28
42 3
5 42
39 5
26 30
33 24
29 42
50 42
42 49
25 14
5 17
37 9
30 33
16 38
8 37
5 14
20 37
46 29
33 30
15 30
44 16
46 6
11 37
3 5
5 41
17 42
3 30
24 42
19 37
20 42
8 46
33 50
46 27
32 16
16 49
25 34
44 5
32 5
30 39
33 37
10 42
21 37
33 42
48 46
30 35
46 49
25 49
37 26
2 46
29 37
8 25
2 30
36 42
5 33
33 46
42 15
46 5
42 22
30 24
34 5
25 16
42 16
1 25
9 16
12 42
27 5
45 46
2 5
1 46
46 40
30 21
15 33
33 37
33 5
37 2
46 13
30 19
30 36
46 15
25 44
11 5
16 5
33 28
5 24
30 8
19 42
37 25
46 42
40 25
30 42
45 42
25 32
22 5
39 46
41 30
30 20
16 1
18 30
30 32
30 12
27 25
5 10
25 42
42 28
30 38
33 23
5 30
45 16
25 42
5 49
44 37
4 25
46 35
18 42
21 42
37 30
40 37
28 46
17 37
46 4
34 37
5 25
37 47
17 46
30 5
40 5
4 5
25 10
27 30
48 42
42 9
46 26
30 16
30 10
34 30
19 16
50 25
16 7
38 5
18 25
25 45
21 5
37 3
44 46
50 30
14 46
19 5
42 2
25 12
42 37
48 5
16 33
22 46
27 16
16 17
7 46
46 30
32 37
40 30
30 29
48 16