80 20
38 40 23 38 27 39 33 32 35 28 27 29 38 25 31 39 21 20 30 31 26 32 37 32 36 32 40 30 38 21 37 22 30 38 22 36 31 30 40 36 38 23 23 32 29 37 28 29 36 40 31 28 38 22 32 27 33 20 25 39 31 35 26 31 23 24 24 40 22 33 34 37 27 33 31 28 39 33 37 21
21 45 30 36 22 32 33 32 37 50 27 28 22 33 36 28 47 48 38 25
1460
42 17
65 10
19 30
30 35
42 10
35 49
18 10
25 77
55 29
23 33
61 17
53 11
33 80
27 74
51 30
63 65
78 62
54 10
10 48
35 48
10 69
74 33
2 53
35 29
62 8
30 32
31 10
62 47
69 51
60 53
77 16
72 35
33 54
35 31
41 74
17 72
13 79
14 10
17 53
62 76
21 18
39 33
60 3
35 11
11 38
11 26
68 35
74 42
80 46
65 77
7 80
32 80
35 38
46 19
51 62
3 16
55 37
16 17
39 19
74 80
65 15
64 42
2 55
62 48
65 17
53 47
33 57
18 33
54 80
13 19
37 79
74 35
80 33
30 80
69 32
11 15
77 27
62 53
13 62
32 39
79 9
58 19
71 38
17 47
53 56
69 65
14 79
80 27
17 45
8 58
31 51
11 18
37 42
40 18
19 28
5 39
6 35
17 74
53 76
33 65
10 78
60 17
72 33
77 35
32 29
11 71
57 51
64 39
35 78
74 55
35 56
17 31
25 62
60 58
62 10
11 25
27 33
42 33
42 37
58 36
48 32
80 39
79 24
50 33
55 65
35 39
7 42
73 51
18 71
74 28
19 78
33 53
32 26
52 3
7 55
61 7
10 6
79 32
73 42
64 33
18 39
51 65
44 23
18 68
16 32
58 10
23 77
61 10
32 42
58 35
17 24
6 11
16 7
7 55
39 37
17 58
19 3
43 51
50 55
11 59
51 78
31 79
41 32
58 51
54 35
18 51
55 71
28 37
58 64
38 56
62 64
1 79
64 3
3 54
17 49
46 53
33 7
70 53
18 24
79 62
35 55
19 72
43 33
67 80
48 11
51 40
38 1
79 7
65 27
55 5
80 17
38 51
79 33
37 72
79 39
18 48
3 5
39 15
78 33
38 44
30 77
55 74
80 50
42 18
25 42
77 40
26 33
50 77
17 65
39 55
77 44
14 42
28 38
64 19
73 19
50 10
11 76
77 17
3 72
53 38
20 3
27 53
58 2
77 24
10 63
12 53
35 37
37 1
71 65
44 74
47 55
55 42
36 18
32 40
23 11
62 80
77 22
74 31
44 67
66 11
3 79
70 65
63 44
17 44
19 69
22 80
22 51
47 51
73 3
44 70
55 51
4 35
40 62
38 74
7 72
60 51
51 9
51 11
50 79
22 38
19 40
10 79
33 49
58 65
5 33
60 65
19 37
79 80
10 80
38 10
68 51
37 48
20 18
29 39
70 79
62 32
7 65
58 28
42 50
22 10
74 44
18 22
42 22
15 74
6 53
47 18
17 44
58 30
24 33
8 53
38 32
17 71
77 32
76 3
13 53
7 3
11 49
67 33
14 35
44 10
65 20
4 33
3 35
56 32
18 57
10 13
37 18
49 51
44 59
38 68
44 65
18 25
16 11
42 78
78 38
10 74
6 65
79 78
16 37
74 78
45 79
65 21
65 37
35 61
23 39
35 62
30 42
27 11
39 71
10 55
19 53
2 51
10 55
3 9
77 76
70 18
51 35
33 8
30 65
48 77
24 55
51 26
76 37
3 74
77 17
32 64
44 21
80 61
78 17
77 26
79 46
53 32
24 3
33 17
3 26
17 66
28 10
7 69
62 71
53 33
78 3
35 20
60 35
29 53
79 41
19 77
10 11
80 29
32 62
65 8
44 53
77 57
44 33
55 53
80 62
3 23
51 38
70 42
11 41
18 38
44 42
51 50
19 50
28 32
38 41
16 19
74 13
6 74
44 51
10 51
65 25
39 56
51 11
37 40
80 75
28 77
10 76
35 70
53 78
28 11
37 38
11 32
80 72
6 58
51 5
77 69
58 3
80 48
32 71
49 42
65 50
38 13
75 42
35 65
52 35
53 3
66 65
47 7
3 37
11 61
29 7
45 53
33 31
39 7
58 65
42 26
72 74
40 55
40 53
39 46
35 53
64 74
53 63
80 45
58 73
40 17
35 41
77 14
55 46
79 19
44 22
73 62
3 17
35 9
13 3
45 32
60 62
46 51
5 42
55 65
3 44
59 51
3 51
22 19
77 68
79 27
79 29
7 51
65 72
74 79
41 10
42 53
51 48
24 62
35 42
19 42
75 65
44 58
11 21
37 60
38 63
75 55
19 41
8 44
35 59
58 42
51 58
55 54
7 68
10 37
20 17
15 7
39 65
65 64
55 62
3 46
37 17
79 55
38 53
32 9
11 60
12 51
32 72
20 10
33 28
24 80
14 62
53 15
32 6
19 80
9 17
29 44
5 79
78 37
37 38
74 65
67 18
7 39
47 42
38 5
68 58
46 65
62 42
61 19
79 76
55 38
44 62
62 55
10 24
62 28
42 59
3 37
45 74
79 8
53 31
56 10
35 44
53 74
55 33
11 64
19 33
10 37
7 3
51 17
17 62
70 19
62 44
19 31
39 33
74 76
35 43
53 9
48 55
79 69
7 73
53 18
69 39
58 38
44 27
66 19
79 60
62 26
80 42
38 79
20 53
33 32
38 16
58 11
3 55
3 6
36 33
38 73
30 17
37 18
51 32
3 59
50 17
55 64
58 75
36 51
39 62
29 11
11 75
37 23
21 32
17 39
51 77
7 77
35 3
37 43
33 14
77 47
33 3
71 74
22 79
55 1
65 18
58 45
15 44
44 64
77 19
58 31
17 37
53 52
7 14
35 58
10 30
74 51
65 40
17 73
53 10
4 18
38 67
37 70
55 45
68 42
74 9
53 65
15 55
65 76
14 38
10 43
19 43
58 5
42 71
77 13
51 76
41 51
77 18
74 77
77 53
11 33
17 79
3 31
65 56
47 3
17 54
51 39
80 53
51 65
80 37
70 10
3 10
23 74
77 10
8 55
21 3
33 75
49 32
65 9
22 55
68 53
57 53
24 44
18 5
60 42
35 76
13 39
40 80
67 35
74 7
2 80
18 12
70 58
65 29
44 33
53 5
33 47
75 44
1 33
58 55
39 62
38 33
26 19
3 1
35 51
79 55
6 7
3 41
67 74
59 10
11 1
33 48
37 53
49 58
5 77
50 18
33 55
24 53
17 13
17 3
37 73
39 10
79 33
49 79
9 19
14 58
53 43
19 24
6 38
34 35
13 33
50 58
62 22
10 49
74 69
30 38
67 37
64 17
37 27
30 37
57 80
51 63
27 55
65 78
17 53
46 32
65 49
42 13
57 55
10 68
62 30
72 10
32 58
24 51
58 40
18 27
35 79
45 11
42 20
62 2
44 37
37 8
37 31
23 80
77 35
1 62
3 67
74 61
33 32
14 3
22 37
32 55
73 53
41 65
55 21
10 74
80 52
64 35
3 61
25 55
7 56
62 65
65 16
74 2
42 51
42 62
77 72
80 64
42 34
80 42
33 10
18 54
32 65
80 71
73 11
53 50
38 24
24 58
37 2
26 65
11 77
77 61
51 10
33 22
53 7
44 58
7 71
19 68
53 28
37 32
32 77
35 79
9 18
74 19
3 2
11 2
53 39
19 65
42 33
80 77
79 58
8 80
79 58
21 74
35 55
7 62
39 65
79 20
24 35
41 17
47 65
74 17
53 30
79 21
17 6
67 55
38 33
37 57
79 42
48 44
35 53
77 73
77 64
76 7
25 51
60 39
25 38
53 74
75 62
75 17
35 73
74 57
65 7
42 10
49 62
56 74
18 43
5 62
21 10
44 41
11 62
65 37
44 25
55 61
73 10
37 51
51 80
61 37
3 62
37 75
19 44
35 47
35 71
29 10
9 7
27 51
39 53
3 40
38 17
62 27
75 18
37 74
70 33
42 39
47 37
42 58
62 6
40 33
33 51
65 52
37 26
18 33
67 10
70 62
33 56
21 17
35 80
37 80
74 26
54 65
74 33
57 42
48 79
66 39
47 58
35 26
53 55
55 51
24 42
45 10
42 6
18 62
7 41
36 35
31 11
7 11
16 10
44 40
69 62
7 24
3 22
62 3
10 47
53 77
68 3
35 44
33 65
37 11
7 78
53 26
15 3
77 56
17 56
44 3
15 10
57 44
80 79
55 37
74 1
72 11
44 79
33 6
28 3
39 10
42 23
62 65
26 17
33 71
58 71
17 22
73 32
53 21
39 44
5 80
56 3
62 54
78 58
51 15
13 35
11 79
42 55
38 35
10 71
35 69
39 17
38 21
60 33
58 72
44 4
48 74
25 3
35 15
19 56
11 55
38 79
25 74
65 53
35 45
9 55
53 10
14 53
33 45
35 62
49 3
51 77
16 35
63 3
39 51
37 74
42 67
79 74
79 42
37 35
77 3
7 21
8 18
63 35
60 74
32 74
33 25
77 49
42 21
79 77
37 25
44 79
5 74
17 42
44 9
21 19
69 33
14 39
44 51
35 75
50 7
1 58
19 79
12 37
54 37
42 31
36 3
32 24
45 37
25 53
32 22
5 65
51 3
53 42
74 29
73 79
66 18
65 1
42 54
32 61
3 39
65 77
50 3
45 62
17 58
59 38
33 30
33 76
42 9
75 39
65 31
41 80
2 65
63 19
19 75
37 56
13 7
60 7
55 70
15 80
65 13
9 10
2 42
37 24
18 79
12 55
32 44
77 70
46 17
18 51
23 55
3 58
44 68
20 80
19 48
57 58
33 12
32 47
19 20
26 10
64 37
61 65
70 80
19 51
60 77
10 46
38 77
49 53
46 18
35 66
58 48
17 76
67 11
60 38
15 79
42 39
14 37
74 3
51 70
49 7
41 42
79 47
14 19
32 3
58 76
2 79
14 51
65 28
63 17
74 14
65 80
60 32
21 35
38 72
37 51
74 46
58 56
59 55
7 18
62 74
72 62
33 35
16 74
51 13
37 71
62 79
11 10
17 79
19 49
74 51
32 15
65 24
2 33
3 80
69 11
65 57
46 42
38 34
50 35
33 66
76 39
7 40
38 9
59 18
66 42
32 18
53 80
3 27
32 53
51 6
64 7
55 3
38 57
62 67
3 11
32 50
58 11
58 23
6 77
19 6
80 25
77 3
44 77
61 18
21 51
61 33
26 58
51 33
30 7
51 7
44 65
2 38
57 62
42 32
42 76
40 42
33 10
38 10
11 65
22 53
77 39
33 35
7 62
13 58
9 80
38 64
33 19
79 39
3 79
44 46
17 29
65 32
65 79
51 56
58 7
15 38
23 62
17 55
50 37
32 37
51 62
53 69
79 26
77 31
58 74
68 80
39 3
80 47
3 57
53 41
80 3
32 76
63 79
68 79
77 2
44 45
62 52
51 28
17 51
68 37
70 17
74 19
7 42
42 56
60 19
18 1
18 53
76 19
51 20
49 74
18 35
44 7
17 55
10 77
46 11
68 65
32 14
39 77
39 25
79 77
80 51
15 17
17 43
64 10
6 79
28 17
2 44
5 44
51 8
3 29
35 74
17 11
7 31
28 7
42 35
51 23
48 17
3 4
7 37
8 11
80 10
7 58
53 23
10 12
38 46
44 42
39 58
71 3
42 63
77 55
29 18
65 74
7 37
7 70
1 77
80 21
18 30
39 61
37 6
55 39
7 79
38 29
35 65
53 11
11 57
3 69
10 3
7 77
32 31
67 7
32 13
39 20
53 59
15 19
80 58
28 35
69 37
38 49
62 50
67 32
22 58
38 31
32 44
17 18
23 38
39 58
17 68
8 3
55 77
20 55
80 17
53 7
65 79
29 19
35 12
61 58
45 77
11 43
33 68
37 79
13 37
7 46
16 51
18 64
3 32
18 10
14 17
11 18
53 58
34 10
3 11
32 74
7 26
35 80
44 53
42 11
33 17
11 13
53 3
50 44
38 70
55 68
30 44
80 58
7 33
65 23
10 60
14 65
66 58
44 1
7 74
25 79
38 69
18 45
32 70
61 38
47 44
11 20
14 11
62 10
38 62
44 10
1 53
72 44
6 39
18 63
58 10
69 42
33 11
11 80
74 18
51 54
73 33
3 18
41 18
49 37
62 19
39 44
38 76
17 18
72 55
44 61
38 26
80 65
15 18
38 27
42 72
7 44
38 7
19 67
45 51
74 58
74 42
43 44
53 37
78 11
44 11
48 7
38 80
67 17
32 51
67 65
16 33
42 51
11 56
53 16
16 42
77 67
77 42
39 37
61 42
3 66
58 69
41 55
74 77
18 52
3 30
45 7
1 80
62 61
35 39
58 67
15 42
7 22
74 62
19 45
38 50
38 47
79 28
72 18
8 39
10 79
29 51
75 3
9 11
39 49
31 62
35 18
5 37
37 44
58 27
3 18
53 48
39 72
17 38
66 37
3 33
44 66
1 42
62 53
62 68
73 39
27 42
32 79
58 18
59 17
42 28
18 58
52 33
75 7
70 3
46 35
32 68
58 16
5 11
75 10
77 71
51 1
44 71
17 69
32 55
16 62
30 55
58 53
65 22
10 66
73 74
62 56
11 63
10 40
32 58
30 79
8 42
18 23
73 65
19 47
38 40
18 2
71 19
79 40
62 38
19 55
35 22
35 40
58 55
16 79
42 77
57 79
58 25
65 10
79 23
38 58
10 36
42 29
79 56
17 62