30
27 27 31 22 22 26 28 35 40 29 37 20 40 26 30 30 39 21 31 36 29 38 38 37 25 28 21 32 37 31
6
45 23 34 32 46 26
369
14 10
2 25
18 6
24 6
7 23
16 13
1 20
15 16
1 13
19 27
12 15
8 1
2 17
17 3
15 29
5 13
13 23
18 11
9 1
25 5
10 7
11 29
23 14
25 26
16 11
22 3
5 20
8 28
4 25
0 3
7 17
7 5
6 3
15 11
19 9
5 4
2 8
17 25
12 11
29 3
7 6
14 12
19 0
23 29
15 6
24 19
1 3
21 27
29 24
5 9
17 22
0 4
4 24
14 17
20 18
27 13
28 3
18 29
11 9
26 29
20 22
6 14
25 19
4 12
16 29
2 29
28 13
15 0
3 26
9 12
25 22
7 16
8 29
6 23
23 20
6 16
10 6
10 1
0 23
20 4
17 18
11 19
25 18
9 21
26 5
4 2
28 10
18 15
29 9
11 13
10 29
7 9
20 0
16 14
1 28
9 4
9 26
0 29
1 14
12 13
21 20
6 12
15 20
12 10
21 3
20 7
24 14
28 2
12 17
0 2
28 25
6 27
10 22
17 27
26 4
27 15
25 29
22 2
18 10
2 20
21 24
7 18
10 19
16 10
2 15
7 8
14 27
20 13
1 26
15 3
3 11
4 15
8 0
11 8
24 1
11 21
1 27
0 14
25 27
0 13
11 20
7 3
19 3
2 23
22 18
20 24
13 6
0 5
29 17
5 21
6 21
22 6
18 26
13 2
14 26
22 5
14 9
21 28
28 15
17 16
19 7
24 3
23 16
25 6
4 16
18 0
12 16
13 9
15 26
5 16
7 27
25 23
0 26
2 3
14 11
4 23
22 26
8 24
20 17
14 8
19 15
16 20
23 12
4 7
20 25
6 8
7 13
11 28
0 28
12 22
25 14
22 27
22 28
19 17
28 7
19 12
19 29
0 17
16 8
24 5
10 25
5 11
13 18
14 19
18 1
16 3
5 19
28 14
1 21
2 26
25 13
7 2
20 10
26 11
26 24
23 5
29 20
10 27
16 28
24 25
26 12
4 27
21 25
10 11
10 2
9 28
6 9
12 21
22 11
19 13
3 23
27 29
15 7
4 19
26 10
11 23
6 5
5 2
9 25
26 7
24 12
16 19
19 23
10 5
8 19
12 20
9 20
18 24
8 23
16 9
24 2
15 5
15 8
18 8
0 9
18 27
26 16
26 8
27 16
6 17
21 2
12 1
13 26
24 28
20 14
2 1
24 27
19 18
14 18
26 21
5 14
18 12
24 22
15 25
2 19
12 0
23 27
0 22
11 4
20 3
1 4
4 18
26 23
21 23
12 7
23 28
17 8
7 14
26 17
12 2
28 5
16 1
13 8
20 8
16 0
18 21
1 6
24 16
4 8
12 25
14 3
22 9
15 1
6 11
23 1
6 4
22 16
10 13
21 7
21 16
19 21
7 22
0 21
9 8
18 5
19 22
27 26
11 2
27 9
25 3
15 14
2 9
22 23
1 17
4 10
8 25
11 27
0 27
6 29
10 0
2 6
19 1
28 12
14 2
4 28
22 8
3 10
27 2
17 4
9 18
8 10
27 20
24 11
13 3
22 1
3 4
21 8
0 6
11 17
17 13
21 10
18 3
9 3
28 17
15 13
17 5
24 7
13 24
12 29
15 21
28 27
18 23
25 16
28 29
18 28
29 7
22 15
0 24
17 21