20
20 38 37 29 27 20 37 30 27 22 21 28 25 20 37 34 36 39 40 30
4
50 47 48 29
102
15 4
12 0
8 4
14 8
0 14
12 17
6 3
6 5
1 15
14 15
6 19
14 10
11 7
9 1
3 17
9 4
4 7
8 1
16 6
3 10
12 16
3 1
3 7
6 18
12 8
19 7
3 11
7 13
7 17
12 7
14 9
0 8
5 12
14 3
16 3
15 6
14 1
1 13
1 0
2 3
15 12
0 6
4 5
12 1
7 2
18 7
13 14
10 1
2 14
16 1
3 5
16 4
6 13
7 14
11 6
3 13
8 6
7 6
16 14
6 9
8 3
12 4
1 6
0 7
11 12
10 7
1 7
17 14
6 2
2 12
4 2
7 9
10 12
11 14
12 3
5 7
19 1
13 4
14 19
18 4
18 12
4 19
1 4
10 4
10 6
3 15
14 18
17 6
12 6
3 4
11 4
5 14
0 19
9 3
3 19
0 3
4 0
5 1
1 18
12 13
4 17
14 12