70
35 36 20 20 35 22 36 24 33 27 37 26 36 39 38 33 26 38 27 31 22 20 37 32 31 40 25 36 37 37 28 35 27 29 24 24 23 29 31 35 36 32 24 35 20 24 22 34 31 36 27 30 20 29 38 40 36 31 34 34 34 33 27 20 26 39 32 34 30 26
16
48 37 36 33 38 45 44 42 28 33 20 42 40 48 23 28
2328
47 61
42 30
52 27
22 41
58 9
8 19
18 46
58 60
12 32
68 54
46 32
8 42
19 12
56 35
41 47
41 8
20 3
57 70
30 36
5 6
12 40
55 17
38 62
54 19
59 62
48 37
22 54
22 62
2 5
68 47
45 14
60 54
5 65
17 46
13 64
58 43
58 4
25 2
9 38
26 41
35 19
37 65
15 67
40 27
69 4
54 35
70 8
59 18
21 22
25 60
7 5
11 45
22 18
39 10
68 38
34 10
2 6
38 16
11 64
51 30
9 51
26 10
4 27
65 56
30 11
52 34
27 8
32 41
38 63
47 70
14 42
53 24
68 29
65 52
24 10
56 29
29 64
4 25
29 3
16 68
52 64
31 33
1 18
34 33
48 69
70 13
28 45
41 65
45 5
28 64
8 49
31 21
12 36
3 13
70 61
65 48
5 50
4 10
16 47
58 56
31 37
20 16
58 29
23 26
68 26
31 49
37 38
69 14
43 50
45 11
16 37
36 11
59 21
25 45
4 12
48 27
62 47
9 52
38 22
67 54
47 19
47 25
64 6
9 4
12 50
69 62
64 58
24 28
33 68
61 29
48 58
1 26
2 39
20 37
34 58
43 1
49 5
3 35
22 34
25 3
4 64
12 15
68 17
16 36
10 48
24 41
41 38
46 31
68 10
63 24
52 4
59 21
49 24
35 34
35 66
19 52
62 51
19 22
32 29
38 1
45 29
31 4
6 54
16 5
2 41
59 10
19 38
47 39
24 9
69 47
1 37
41 18
61 18
42 53
11 47
36 54
48 17
40 21
55 39
64 54
59 41
62 11
34 9
38 43
31 19
29 59
32 64
69 36
1 16
12 64
70 29
21 41
51 14
52 38
19 51
11 63
30 14
3 17
16 38
32 66
1 27
29 14
56 52
9 69
6 33
28 3
54 67
7 34
26 10
60 9
62 34
1 39
14 61
9 67
10 36
20 10
56 60
6 29
41 40
30 24
31 42
45 23
20 8
3 34
14 42
42 50
56 59
1 31
20 38
62 20
63 29
42 18
18 53
66 41
30 16
45 60
9 63
59 14
66 52
58 34
48 8
9 20
10 47
31 68
17 2
34 41
29 60
24 16
62 35
62 57
62 27
41 16
70 24
15 69
43 52
60 12
4 37
48 15
20 30
60 69
40 21
20 31
35 17
36 21
62 22
43 1
3 69
36 37
36 17
30 20
37 58
16 42
28 31
56 68
16 67
53 5
43 66
6 15
69 59
69 64
35 4
11 39
12 23
58 62
35 45
16 41
43 11
63 66
31 53
70 32
19 16
46 42
56 50
47 26
18 49
21 24
18 30
25 37
37 2
35 55
54 4
51 13
10 4
24 69
49 27
6 5
9 1
18 37
42 6
1 19
37 47
66 48
22 42
10 47
12 35
10 66
37 54
30 43
16 10
21 51
32 41
54 33
1 28
54 47
40 41
16 52
16 19
54 30
12 14
40 69
19 25
45 52
33 8
52 19
31 25
11 52
1 55
12 44
66 37
16 34
52 10
22 33
7 69
2 43
41 52
13 35
29 42
52 21
41 68
6 14
9 40
25 43
10 61
56 65
62 52
5 22
18 68
65 12
41 12
41 14
64 7
62 65
22 27
52 42
2 45
67 3
5 69
31 63
37 33
68 9
13 5
25 54
56 43
26 21
26 37
1 62
50 33
40 18
18 47
30 47
1 58
22 59
6 60
10 27
12 14
12 28
39 24
59 22
49 1
5 37
70 1
51 56
70 46
1 28
61 13
40 37
7 26
16 17
25 29
10 11
43 27
25 70
9 27
62 20
50 14
64 22
8 14
49 34
60 47
64 5
49 11
38 59
11 38
36 33
53 14
26 36
1 45
15 39
24 37
1 17
12 1
59 52
38 51
60 68
64 41
68 37
49 70
41 64
35 24
15 25
30 63
6 16
58 2
41 15
43 34
21 16
22 66
34 11
40 65
15 37
62 59
1 52
33 58
47 21
40 34
58 30
20 42
24 28
47 25
64 20
14 64
52 29
21 67
59 6
38 14
13 9
11 5
21 58
2 25
38 47
19 34
41 70
51 62
64 65
64 49
26 1
13 16
49 30
65 43
21 33
40 70
19 25
49 26
10 14
8 58
67 28
67 38
19 2
54 42
1 62
19 17
31 8
45 9
14 62
50 35
31 30
17 24
22 51
26 62
58 14
47 4
42 38
46 14
2 32
16 58
4 19
47 1
65 47
24 62
10 48
58 27
34 48
9 59
60 43
40 64
8 59
32 10
2 42
43 54
29 47
70 68
52 13
40 50
12 26
38 10
12 37
21 13
29 17
52 51
52 16
47 34
19 32
13 22
32 17
1 63
55 32
9 48
10 12
24 20
52 37
32 45
21 49
17 63
59 39
46 41
21 10
16 37
62 2
28 22
39 29
60 6
54 48
38 64
37 21
20 37
59 2
40 13
61 62
5 41
21 8
34 43
64 22
43 55
63 51
4 58
30 1
16 35
39 31
45 3
69 9
35 34
13 53
33 66
54 6
48 21
20 29
62 16
69 42
39 60
57 35
22 24
39 14
65 16
37 27
56 25
4 21
45 26
60 66
41 51
58 59
45 33
54 20
32 67
30 33
14 24
45 28
68 45
9 62
60 16
56 22
11 69
40 61
32 12
1 61
48 56
61 19
19 12
43 4
48 67
39 41
1 68
37 61
17 51
20 19
10 5
39 28
35 56
30 4
32 39
54 59
45 24
70 9
50 70
39 40
59 26
18 54
59 70
39 34
37 51
60 49
42 64
62 47
5 62
20 31
6 17
18 32
66 27
13 6
54 11
16 64
65 26
45 39
26 58
37 46
14 52
5 25
18 43
30 35
19 70
38 1
43 40
22 30
30 17
59 53
64 52
60 19
45 1
9 24
69 65
4 20
27 25
2 52
43 6
59 64
25 33
47 48
39 47
36 41
16 57
9 37
19 58
3 52
21 41
2 60
27 20
31 58
69 2
65 2
39 4
27 16
1 12
27 68
19 57
4 27
63 47
48 22
29 51
40 7
1 20
35 60
31 6
67 14
12 33
38 69
46 16
47 44
47 20
66 34
29 39
29 9
36 49
28 54
50 1
49 33
69 60
37 45
18 21
37 63
55 12
49 7
1 64
7 12
54 33
65 42
1 41
39 5
9 52
2 29
54 13
50 27
33 14
49 54
20 43
26 40
51 34
8 54
58 70
13 26
9 1
42 63
32 54
49 10
39 37
26 69
34 10
69 26
56 64
62 64
56 38
49 57
1 64
11 37
39 70
45 18
37 32
1 2
49 51
37 1
2 33
14 4
26 29
36 9
22 47
32 50
3 64
51 10
51 11
66 49
29 33
34 41
62 52
39 57
36 31
32 68
62 5
6 3
27 24
22 16
32 23
23 43
6 64
35 14
16 69
54 1
69 40
15 52
40 26
29 43
14 1
53 29
19 32
64 40
13 57
70 41
23 14
41 58
49 60
22 29
29 63
3 32
66 29
37 3
33 22
55 54
27 57
59 69
30 46
35 24
2 60
45 59
27 52
30 57
56 61
47 57
56 6
58 7
64 55
52 51
12 41
14 10
22 1
25 43
18 10
10 65
9 6
22 36
49 43
30 42
5 36
23 59
29 18
32 52
53 69
40 37
34 4
59 65
51 45
32 27
41 56
12 45
44 54
59 64
66 70
20 66
64 23
26 67
36 39
70 6
67 34
47 29
16 10
21 7
60 43
30 24
53 17
14 29
69 37
35 18
57 22
34 16
1 52
22 40
5 3
58 33
24 52
63 62
12 46
45 2
7 18
31 22
54 40
69 43
41 33
10 5
32 63
25 62
16 13
70 30
59 58
62 40
67 41
63 42
51 7
39 50
41 58
17 14
22 14
34 5
51 8
24 64
41 6
41 52
56 47
21 14
2 34
67 2
8 38
41 25
70 19
70 53
16 12
14 39
17 39
40 23
62 3
45 55
62 12
34 13
21 66
58 54
34 30
30 40
56 67
51 14
37 9
31 10
27 69
19 20
43 49
17 43
60 45
40 52
21 52
8 1
59 28
33 23
1 20
18 32
5 43
27 67
33 70
41 22
70 3
12 18
62 21
4 41
61 31
24 68
29 5
26 52
56 29
14 68
22 15
61 42
39 21
31 67
56 63
4 12
33 70
39 16
69 24
11 20
70 56
11 29
49 21
19 42
6 11
17 20
27 13
59 35
66 59
48 22
70 20
55 16
52 47
3 60
47 14
62 66
66 24
38 30
40 56
16 30
4 56
19 64
19 18
4 26
25 21
19 21
36 1
56 69
47 45
45 52
54 16
26 54
38 42
68 35
53 34
11 1
49 19
14 45
52 2
35 54
13 39
69 4
69 45
70 26
11 39
50 26
40 39
7 48
45 43
2 49
56 19
13 4
61 35
14 54
54 37
27 60
34 25
60 13
50 49
37 11
25 33
6 47
68 43
49 32
39 27
53 22
25 65
63 33
54 50
31 59
39 37
64 67
59 19
31 24
54 51
51 2
18 12
48 18
8 34
33 17
18 51
65 24
13 45
10 35
37 21
67 29
22 43
23 18
18 28
56 42
13 56
43 12
17 57
17 49
60 54
29 1
5 2
21 19
56 69
31 70
54 53
67 56
13 36
11 35
63 18
31 42
11 27
31 29
51 63
20 41
68 11
10 56
51 56
3 30
25 1
48 52
29 51
49 26
60 17
14 13
25 54
56 6
64 31
42 34
30 26
1 54
56 19
64 13
24 11
16 53
43 24
19 67
26 47
6 24
8 40
54 51
48 65
42 27
45 66
34 60
32 47
50 31
70 2
17 10
33 26
54 57
58 54
3 21
16 48
64 70
21 58
66 67
29 54
10 56
38 14
24 16
22 11
54 10
24 25
58 27
14 34
55 47
50 59
27 41
43 70
22 60
33 65
37 14
56 21
37 6
51 16
12 56
64 34
57 52
70 60
41 56
5 8
49 29
28 14
62 4
30 5
13 70
17 19
60 37
10 70
2 41
5 68
16 63
35 27
45 24
27 64
56 28
21 22
45 59
20 45
39 1
29 38
47 69
19 54
45 22
37 60
37 45
7 39
67 62
10 2
67 47
47 14
10 52
37 42
35 39
53 26
33 16
69 31
68 40
70 59
52 60
30 14
5 21
12 17
62 64
58 66
5 30
14 63
24 23
16 35
61 11
1 25
10 69
60 64
67 17
34 61
37 6
9 41
15 27
26 45
47 65
21 61
64 48
34 11
64 51
29 12
39 35
5 70
9 25
19 34
42 45
59 15
24 3
64 45
25 64
43 21
50 11
42 15
40 53
67 42
2 47
42 41
23 17
69 50
14 20
4 29
70 63
1 30
44 16
22 47
60 62
16 49
22 4
27 22
66 6
19 66
2 24
20 10
15 70
30 51
69 19
19 40
52 17
33 67
47 11
15 20
24 10
45 29
60 10
56 24
45 56
22 16
44 30
13 47
70 12
28 58
34 6
2 54
51 16
45 16
42 9
25 37
39 3
35 70
5 41
35 1
1 58
14 32
43 63
63 19
47 50
35 28
57 12
24 70
42 28
62 69
17 8
40 36
67 1
21 1
47 67
26 5
38 4
5 27
16 33
39 9
59 12
41 69
25 40
9 12
54 59
37 26
66 12
58 10
1 23
54 7
68 19
29 5
45 47
9 35
14 62
11 1
67 10
30 33
51 6
69 10
66 38
21 69
43 13
4 17
18 19
29 58
59 26
24 37
51 20
3 12
21 62
69 57
52 70
5 56
39 18
6 62
27 29
43 33
63 4
61 16
24 54
58 42
11 28
70 51
16 21
40 47
16 43
62 33
16 50
47 63
17 37
1 67
19 36
67 24
43 7
39 24
5 19
33 2
60 16
70 56
17 61
39 54
33 39
29 40
16 29
5 18
11 25
48 47
64 37
64 68
57 45
67 62
4 54
32 10
45 19
51 39
22 55
38 31
38 56
24 47
15 32
45 5
17 66
58 35
9 62
28 69
39 65
42 70
43 18
35 26
58 64
32 7
10 15
26 17
4 15
69 51
39 56
10 2
48 19
28 32
5 58
24 47
41 39
29 69
13 40
49 59
13 69
20 65
17 32
60 15
1 14
64 45
18 27
32 61
39 30
22 9
25 42
5 15
19 60
47 41
17 62
57 18
15 43
15 13
66 47
34 14
40 10
55 33
16 7
4 11
8 4
29 70
19 11
9 64
40 45
15 17
52 59
1 6
31 12
59 47
45 16
69 23
11 53
51 21
70 30
22 24
49 42
56 49
58 2
10 39
22 34
17 12
64 65
5 52
5 34
25 16
8 56
9 5
62 53
31 48
56 25
41 33
21 9
34 39
5 35
48 62
30 65
68 21
49 28
3 43
70 22
53 21
41 43
61 27
60 56
31 7
41 3
56 62
3 38
29 11
6 47
34 30
45 15
1 15
41 43
27 19
24 8
67 18
67 13
39 26
5 26
31 57
26 51
37 51
3 54
39 19
40 31
20 47
26 28
35 51
49 3
63 11
27 7
29 49
37 65
42 23
5 54
56 62
69 54
1 21
41 45
43 10
24 36
19 26
14 40
53 56
52 24
6 10
44 9
47 12
12 16
69 16
60 61
37 33
22 65
37 35
52 5
15 21
64 56
41 17
37 43
26 21
52 43
28 22
57 10
1 35
43 16
17 7
31 27
38 7
54 62
56 20
10 11
15 29
12 11
62 48
37 12
9 43
47 49
62 68
14 63
20 59
41 53
56 7
37 8
22 37
47 28
54 41
19 14
19 69
62 45
26 27
56 20
54 56
22 35
16 27
60 7
12 48
47 34
26 13
28 52
11 38
8 25
26 24
34 31
54 56
59 16
39 19
8 30
58 9
45 25
48 70
60 34
59 63
30 11
31 62
18 35
20 32
39 30
18 6
27 56
56 59
63 30
38 37
9 45
41 35
26 70
24 19
37 4
41 49
13 21
50 22
51 11
23 16
45 63
51 49
63 8
8 22
12 21
40 62
48 29
39 51
70 5
29 65
24 63
18 50
5 28
70 55
14 13
5 47
11 59
14 52
9 10
4 18
23 54
20 14
8 67
67 24
60 26
60 8
13 39
27 33
37 58
16 6
28 70
1 46
30 31
39 43
51 45
28 39
6 32
27 3
67 45
58 65
21 28
16 28
17 25
2 1
37 34
54 39
33 34
55 42
25 66
28 51
38 51
24 50
2 47
60 18
61 24
35 21
58 51
41 49
69 35
17 22
58 38
27 30
55 31
47 3
18 64
51 31
16 32
53 30
47 58
70 36
3 58
19 47
25 18
10 45
43 14
45 48
10 8
26 52
18 65
48 36
65 11
40 16
14 25
49 65
38 60
30 60
61 33
69 33
59 67
45 58
60 65
17 28
70 69
11 60
18 38
12 43
48 68
8 6
51 20
46 22
69 37
43 2
3 33
14 19
5 64
26 34
12 10
67 51
62 63
21 60
48 13
24 64
59 25
45 49
11 67
30 15
41 18
34 36
11 22
31 38
41 54
15 28
59 34
64 16
56 5
65 9
60 27
42 62
1 16
27 59
13 58
59 37
19 1
3 59
67 37
38 29
56 34
5 66
68 4
33 10
33 12
34 24
49 30
39 23
22 45
8 62
69 27
52 4
29 36
41 17
37 70
61 54
7 20
25 51
70 10
9 28
57 37
1 69
12 34
1 65
31 65
29 42
47 56
47 58
56 30
21 29
69 14
11 8
19 5
32 34
11 12
70 67
54 2
4 16
58 18
1 18
43 67
41 60
11 33
2 37
24 56
31 29
40 45
51 3
41 44
35 67
2 6
9 49
17 1
66 40
49 16
64 21
3 40
48 11
1 13
67 4
33 53
32 27
69 34
7 42
49 47
51 66
19 24
19 45
33 14
49 19
42 10
45 46
64 50
45 12
23 11
30 64
1 34
47 9
67 17
64 21
56 22
32 21
63 16
18 70
47 7
14 54
33 15
52 47
15 38
62 16
29 34
61 5
18 52
45 6
70 22
27 24
1 22
61 30
63 31
65 1
9 33
17 58
59 13
54 10
38 20
8 2
32 53
63 41
56 27
63 38
4 3
23 70
3 19
35 33
69 8
45 67
64 39
49 56
43 32
66 13
16 58
64 26
55 14
37 56
12 5
26 24
33 49
8 45
32 65
42 11
30 66
67 10
22 2
3 1
64 27
32 25
67 4
35 65
57 43
60 29
6 34
52 8
14 5
30 21
52 37
17 5
47 17
43 59
30 32
29 9
49 35
62 35
67 30
18 45
1 13
34 52
4 6
7 52
29 1
32 56
48 16
68 13
4 49
11 70
64 61
69 29
59 7
16 20
53 1
27 12
69 64
32 16
5 25
21 56
56 1
43 33
53 39
42 11
29 57
12 2
13 69
64 66
26 39
56 34
17 10
32 67
63 37
14 70
19 15
38 30
45 6
64 29
5 43
36 18
14 57
43 45
51 31
12 31
9 54
11 57
52 33
49 24
48 19
2 62
19 9
47 59
58 24
64 15
33 45
20 11
68 2
58 43
10 53
20 5
5 47
60 67
49 13
50 45
35 7
48 30
56 39
48 54
30 32
58 60
57 41
69 5
37 70
31 52
1 47
59 13
28 68
39 18
45 41
48 14
37 34
28 54
49 45
11 64
37 59
20 54
22 7
41 1
56 1
21 23
56 4
29 22
15 40
64 33
39 27
54 49
18 22
29 16
26 58
37 35
33 6
9 48
16 47
62 43
20 29
28 40
49 62
29 59
14 43
14 35
24 7
41 6
56 37
70 4
1 66
53 12
47 60
1 31
67 40
20 24
34 48
45 63
7 45
60 22
34 18
68 34
30 12
26 54
65 4
54 30
54 63
12 54
14 36
32 69
10 6
57 56
51 64
4 45
34 49
59 19
43 28
20 42
8 32
56 17
21 14
47 51
60 21
8 29
39 66
4 64
47 51
15 47
63 13
42 68
4 9
49 40
34 29
59 67
32 22
22 37
67 51
37 44
55 18
16 39
8 39
61 2
10 9
68 59
26 22
21 6
42 47
2 49
35 15
48 39
70 40
58 40
29 24
52 56
34 2
31 47
26 43
69 17
9 47
37 31
33 39
32 36
37 32
41 60
29 24
26 27
43 61
5 54
58 56
34 50
30 45
57 34
51 61
54 31
53 37
5 37
31 45
42 36
62 32
39 5
27 29
31 24
27 19
10 51
65 6
69 34
3 10
21 10
17 59
58 32
51 27
59 30
21 69
62 26
22 26
11 19
5 58
3 48
43 48
11 17
22 5
50 21
54 62
18 69
19 53
43 19
20 45
16 8
41 31
45 35
4 2
8 13
70 16
70 7
4 16
60 62
24 34
45 56
31 60
70 16
30 2
5 21
45 58
33 56
7 25
47 4
6 30
65 16
29 4
5 31
62 39
49 1
34 1
56 28
51 43
16 5
62 45
48 41
49 27
16 40
11 58
22 54
11 32
16 25
59 27
64 2
12 24
4 45
50 52
10 22
4 17
69 66
37 48
30 47
24 11
6 62
9 51
38 24
54 29
25 50
27 47
49 10
24 14
70 1
47 33
7 1
13 25
19 65
54 15
25 10
7 14
42 41
18 24
23 31
56 30
59 34
69 28
34 20
25 24
44 43
52 60
28 52
24 15
45 32
64 28
46 39
27 12
8 12
11 70
33 62
30 12
34 15
39 62
16 17
1 27
30 69
64 54
69 1
54 9
9 17
30 18
36 62
21 11
37 67
64 37
27 67
3 42
6 19
41 25
28 46
3 22
67 19
24 13
28 8
24 65
69 45
19 4
60 25
49 5
36 45
34 20
29 2
10 22
5 67
28 18
29 25
64 26
37 18
35 22
16 28
1 63
1 10
4 62
70 49
39 60
37 27
39 42
10 64
48 45
9 59
11 41
45 10
29 26
49 62
37 49
8 18
38 5
70 47
64 60
47 37
11 7
36 52
42 21
42 26
25 62
21 24
33 52
39 45
5 14
9 67
43 37
30 25
31 41
61 45
65 69
12 51
17 64
21 29
25 10
6 43
35 32
35 29
58 24
32 14
19 22
42 56
52 29
52 30
70 62
64 9
54 11
42 12
68 51
11 41
35 19
9 32
39 70
37 49
42 35
32 26
28 66
35 31
66 4
60 10
22 30
59 16
54 24
35 52
10 59
49 53
54 52
64 10
33 7
4 28
28 35
10 27
56 63
9 30
34 25
15 49
1 6
11 55
41 61
57 67
62 34
37 14
11 62
62 58
68 30
69 51
30 45
54 69
54 52
11 46
14 49
47 21
62 15
28 34
58 51
6 24
28 47
26 19
8 26
45 53
24 38
54 47
38 49
62 18
1 10
9 8
66 42
65 62
66 54
16 67
16 54
24 62
19 33
13 65
62 27
70 62
47 27
27 5
64 70
10 58
50 17
64 49
70 69