50
24 27 24 23 20 24 38 34 26 29 40 37 27 36 28 40 40 21 38 40 22 33 32 25 40 30 35 22 20 22 35 30 31 26 21 23 33 37 20 34 24 20 32 34 29 26 33 32 35 38
10
33 46 36 46 43 45 44 39 31 20
327
48 21
46 16
29 32
0 16
45 48
31 48
16 20
15 26
32 21
48 20
45 30
15 32
32 20
39 16
45 15
1 15
34 16
0 42
29 18
29 5
42 11
12 5
30 9
42 24
41 16
14 16
32 14
18 42
17 15
49 15
37 29
7 16
14 6
41 48
35 16
40 16
11 29
12 16
44 32
30 4
24 48
42 21
4 48
30 42
48 33
48 19
15 36
42 26
25 42
5 4
11 5
30 28
32 26
29 41
8 48
44 48
29 7
15 13
9 48
7 5
35 15
16 1
10 30
29 16
29 26
1 32
41 32
32 10
21 29
30 0
15 11
8 42
29 3
20 5
30 8
38 29
29 39
38 5
29 8
34 48
15 40
35 42
16 48
30 22
16 2
5 1
21 5
27 42
15 3
14 0
30 5
30 15
35 5
44 29
48 29
32 42
44 16
42 36
42 4
13 30
18 15
32 25
30 6
32 3
16 27
30 31
15 7
29 31
10 42
30 18
30 11
5 48
16 38
32 22
41 5
42 49
34 15
14 28
46 29
5 43
29 0
29 40
5 36
16 3
23 30
16 31
13 14
30 1
16 33
15 31
15 27
16 45
32 6
14 33
15 23
1 48
32 27
23 48
15 43
14 29
48 10
26 5
5 22
11 16
29 1
5 27
40 42
5 49
45 32
42 1
24 30
5 6
13 29
29 42
32 33
46 48
34 42
15 22
46 15
15 33
38 15
48 28
37 30
3 48
28 5
30 21
2 30
32 8
17 48
32 5
48 18
5 18
2 15
20 42
29 30
5 34
22 48
42 12
46 30
32 12
47 15
28 16
12 29
0 48
8 15
30 34
29 10
48 14
5 44
30 12
17 16
37 48
30 33
37 16
16 30
19 42
26 14
47 5
32 40
2 32
32 0
30 40
3 42
14 30
42 7
15 9
48 36
39 15
38 42
15 25
45 29
13 48
42 17
29 22
30 27
5 45
5 39
43 32
0 15
42 6
5 15
19 15
45 42
6 29
5 37
27 48
16 26
28 29
5 13
23 32
5 42
48 6
33 29
32 48
47 29
33 5
25 29
16 43
20 15
9 16
29 15
48 15
14 15
2 29
43 42
32 38
46 32
36 30
14 5
15 42
25 5
47 48
24 29
35 14
39 42
32 17
29 9
29 19
42 2
16 24
33 42
35 32
39 32
8 5
5 19
14 49
23 16
14 37
5 17
47 32
29 4
5 16
16 47
42 16
17 30
12 15
45 14
20 30
32 16
43 29
49 48
29 23
9 5
30 32
44 15
12 48
47 30
32 9
5 24
29 36
8 16
42 23
34 32
16 22
41 15
30 35
13 42
48 35
48 11
16 13
14 20
32 31
5 31
4 32
18 16
5 10
2 48
3 30
30 44
24 15
30 19
5 46
14 18
48 40
30 49
28 42
49 29
37 15
48 42
41 30
16 36
49 16
28 15
19 16
7 32
37 42
16 25