60 12
29 34 26 32 28 34 38 22 35 25 32 21 29 29 23 28 22 24 36 32 34 37 24 37 38 22 32 37 28 33 40 36 36 35 29 26 31 29 27 31 33 26 20 26 40 40 28 29 37 36 39 30 32 32 21 24 31 23 22 38
50 22 27 33 28 45 43 29 25 21 38 49
495
34 5
10 55
24 40
37 1
28 11
21 32
24 1
34 11
6 56
2 55
40 5
1 17
51 30
19 27
13 2
20 51
58 10
2 8
51 1
42 40
51 57
37 6
29 25
40 54
8 11
51 24
50 27
51 10
17 5
23 5
5 33
5 6
57 1
27 36
47 1
51 9
6 5
34 40
32 14
14 6
1 11
22 27
8 51
32 2
10 53
1 11
5 51
32 27
60 2
33 10
5 36
27 32
15 10
11 60
27 57
51 32
1 41
11 2
6 27
38 2
39 10
27 51
27 45
1 49
1 16
2 50
11 58
40 56
44 25
20 5
51 6
27 8
19 51
59 6
1 2
10 29
57 5
40 33
13 1
27 34
6 51
2 57
1 28
3 6
40 25
2 25
51 37
40 39
51 33
46 27
36 25
51 47
51 32
5 49
2 10
29 11
10 35
51 11
6 39
36 1
51 59
42 25
40 11
10 17
60 27
32 30
29 40
11 6
58 1
9 40
25 57
11 30
16 10
4 27
9 27
1 27
49 27
11 4
47 25
14 11
3 51
6 10
38 40
51 21
40 5
32 1
52 1
3 1
55 1
6 40
19 10
37 5
1 54
2 29
16 27
40 8
25 32
2 35
40 48
1 14
13 5
1 9
35 5
5 22
60 5
23 1
51 42
40 18
2 54
32 10
2 24
6 35
34 1
51 35
5 38
10 22
27 59
6 33
10 9
21 25
54 11
10 24
53 51
40 30
40 51
2 51
1 48
50 5
5 27
27 43
11 24
36 51
25 53
29 5
5 51
58 27
5 43
30 27
58 40
27 55
40 43
27 23
6 26
51 15
25 59
47 10
10 11
14 10
11 15
10 6
6 54
51 10
32 2
40 11
46 40
10 23
48 11
37 2
36 10
25 54
27 29
1 42
11 55
13 10
16 40
51 49
2 46
27 10
38 27
7 51
18 1
51 48
40 6
40 36
56 25
57 32
25 5
33 25
25 27
11 13
25 24
20 11
60 6
11 6
33 1
6 32
32 5
22 2
6 42
27 14
27 1
27 2
2 12
32 40
27 39
54 10
40 19
40 37
41 27
26 11
46 5
11 31
2 30
2 18
1 4
1 12
47 40
29 32
50 40
45 6
40 51
6 53
6 50
1 32
25 8
43 25
24 5
25 35
26 10
14 25
20 1
40 44
6 36
6 31
2 19
44 5
56 5
31 51
10 11
11 56
40 14
40 49
9 2
47 5
51 56
25 45
40 60
39 1
40 21
16 6
6 8
26 25
11 16
56 2
11 25
51 45
38 25
22 40
6 24
31 32
50 1
27 21
6 9
34 10
5 42
5 14
25 50
51 28
48 10
10 46
40 45
23 25
25 4
25 1
5 53
33 27
40 23
25 40
23 6
10 27
51 52
15 40
60 1
60 10
45 11
51 4
48 27
51 11
45 2
27 5
53 2
25 37
21 1
25 31
1 6
2 43
2 36
37 11
10 40
53 1
23 2
44 51
18 5
28 6
10 25
16 5
47 27
6 32
2 4
1 46
27 15
49 6
55 25
40 1
54 5
25 49
10 18
11 53
55 6
43 51
25 58
18 6
10 42
27 40
40 27
58 51
2 39
5 19
32 25
26 1
15 5
1 25
10 4
58 5
57 11
51 54
56 10
27 17
40 55
38 1
5 55
47 6
19 6
11 27
43 6
30 25
13 40
51 14
1 44
2 42
35 27
29 51
2 49
10 44
46 6
55 51
19 25
10 32
5 59
60 25
40 2
25 15
2 14
9 5
20 10
2 5
32 5
6 12
1 43
11 21
11 50
40 17
10 37
41 6
25 5
27 24
25 34
21 10
10 38
11 46
6 25
33 2
27 26
40 1
20 27
6 13
4 5
2 28
51 50
27 51
6 30
23 51
41 2
38 11
59 40
10 50
1 59
48 5
22 51
51 34
40 41
18 11
13 27
25 48
22 6
19 1
22 11
40 31
4 40
1 35
27 42
11 5
2 26
27 25
39 5
1 29
22 25
6 4
11 42
59 2
47 2
6 27
40 32
26 40
2 1
17 6
53 40
11 17
31 2
10 43
21 5
11 2
40 10
6 29
9 25
6 57
31 27
1 51
11 39
35 40
51 2
10 25
25 20
40 20
22 1
27 56
27 18
11 9
16 2
17 2
10 59
60 51
51 38
41 11
11 44
38 6
57 10
1 6
27 11
27 44
49 10
51 26
1 15
6 25
1 56