50
28 20 28 20 26 21 35 30 20 39 39 29 24 38 38 37 21 26 22 33 40 21 24 27 32 34 22 28 39 32 32 22 25 29 36 35 28 22 21 20 31 29 27 32 40 26 28 40 21 38
10
23 21 38 33 50 23 49 20 20 27
243
41 18
0 3
11 47
41 34
26 28
14 43
43 19
26 6
26 27
47 29
17 47
43 5
22 26
21 41
16 45
20 16
3 17
36 41
26 33
44 47
38 41
21 47
3 22
17 41
31 26
4 41
43 18
34 43
43 4
15 26
30 41
44 43
41 5
43 31
21 26
21 3
41 47
39 3
43 49
25 26
41 0
3 6
35 47
34 47
48 43
47 0
31 3
35 43
47 12
26 32
47 10
13 47
43 42
16 17
16 0
41 6
37 16
43 28
27 16
3 11
30 3
17 26
47 7
8 43
16 1
16 41
43 23
26 11
6 47
16 44
36 47
26 47
23 47
43 26
47 32
30 47
37 43
42 47
43 45
41 40
38 47
19 16
41 13
22 47
32 16
1 47
43 1
43 46
47 46
19 47
47 18
3 45
16 15
16 23
47 15
42 26
47 25
12 26
41 26
38 26
43 15
1 3
3 44
9 41
26 24
16 21
26 10
41 25
15 3
26 49
34 3
24 41
6 16
12 3
43 32
30 43
25 3
1 41
37 3
41 39
43 47
8 47
26 7
3 40
36 26
41 48
35 26
22 16
37 41
39 43
43 29
3 24
41 2
43 12
47 49
14 41
47 5
47 39
16 43
27 43
47 33
47 40
41 35
41 45
31 41
22 41
30 16
39 26
38 3
49 41
26 14
20 43
37 26
43 38
16 7
41 3
4 47
13 3
26 9
3 46
47 45
43 6
28 41
23 41
16 28
16 14
16 33
14 3
43 9
43 11
25 16
43 17
26 16
11 16
41 46
3 35
47 2
38 16
21 43
40 26
41 7
3 4
10 43
3 26
41 15
7 3
12 41
43 7
26 2
48 3
16 18
13 43
4 26
41 11
29 26
30 26
32 3
36 43
41 43
16 24
40 16
47 48
47 16
20 47
3 9
43 3
16 31
41 19
0 43
28 47
42 41
29 41
26 46
41 8
2 3
3 19
23 3
20 41
35 16
41 27
33 3
20 3
36 3
43 22
26 34
3 47
27 47
48 26
10 41
24 43
33 43
2 16
43 2
27 3
8 26
4 16
3 18
0 26
41 44
3 28
26 5
45 26
16 34