200
35 33 29 24 35 32 29 31 25 30 24 21 33 35 29 25 32 23 22 36 21 35 34 37 21 23 39 35 21 26 22 34 38 38 21 37 40 28 36 29 40 38 34 39 28 25 33 31 36 34 32 25 20 40 23 37 21 34 37 29 21 22 37 21 26 38 32 32 33 27 35 30 35 31 26 25 27 28 28 30 35 26 28 23 40 27 40 25 31 35 35 39 35 24 25 28 23 28 32 26 36 27 25 29 36 40 33 24 28 39 40 22 34 22 22 25 36 32 24 20 33 32 29 29 37 24 26 35 35 29 40 39 28 35 22 20 28 37 23 25 25 20 30 30 23 31 32 34 35 33 35 23 21 28 39 29 39 30 26 21 26 20 39 21 27 28 38 31 30 20 40 29 37 23 35 28 22 27 32 21 22 20 31 31 37 32 35 38 37 27 32 35 25 37 20 26 40 20 36 32
20
49 36 38 38 45 33 48 20 35 28 39 32 45 28 43 36 36 44 29 22
10946
55 65
194 5
86 81
46 113
143 137
160 93
134 177
4 163
167 36
29 122
129 79
98 160
143 193
136 147
150 99
44 89
99 110
83 156
84 156
82 40
163 87
132 197
134 84
98 175
112 165
94 19
194 124
142 13
29 5
114 29
176 197
181 83
37 141
84 62
99 61
51 70
79 41
19 110
29 49
159 83
87 199
43 52
2 161
93 112
76 185
148 27
31 12
119 117
142 125
66 104
155 28
139 134
116 58
73 182
179 170
41 73
136 67
151 46
190 148
6 32
33 63
132 102
16 19
131 190
164 104
146 61
102 73
66 87
107 82
95 79
177 157
167 149
64 83
197 154
64 12
182 46
153 43
199 184
149 155
106 19
117 57
84 161
197 146
84 107
54 2
10 140
167 145
11 171
146 74
33 25
152 58
0 171
37 68
52 116
127 29
82 67
21 126
126 164
38 78
30 136
89 51
152 149
121 36
154 73
146 29
170 89
134 55
85 167
106 136
90 175
43 23
116 66
139 60
30 89
185 0
117 12
108 79
18 139
110 177
73 12
78 116
170 68
131 99
16 75
185 95
159 22
173 79
150 190
0 29
170 173
167 55
177 186
73 187
117 197
138 81
39 121
175 141
159 90
66 52
64 52
133 149
114 171
15 143
155 50
140 88
13 2
69 132
47 151
194 183
27 13
66 12
49 116
13 47
98 83
162 160
68 151
87 107
73 105
117 46
19 114
116 124
89 43
101 32
10 32
140 5
92 52
71 75
63 89
0 166
40 141
177 116
151 146
171 86
39 124
46 157
76 25
121 164
198 177
84 128
40 196
130 79
198 75
193 104
117 27
84 13
65 108
139 171
89 129
138 115
43 56
132 110
84 172
25 73
32 153
84 31
159 1
17 78
21 136
45 52
52 195
99 44
132 119
93 98
193 27
135 65
155 61
22 194
93 84
13 168
45 61
75 172
170 28
58 75
178 37
136 62
193 45
172 143
157 70
160 49
4 119
160 146
38 70
179 42
109 167
122 190
82 190
193 187
131 152
139 55
48 84
96 19
83 28
81 89
0 78
136 197
122 148
151 136
18 65
194 10
137 70
124 190
55 169
148 74
79 122
123 180
185 102
80 52
9 116
58 25
55 57
197 157
72 89
13 147
100 199
41 172
117 126
116 74
116 130
29 59
30 132
148 60
116 185
145 83
153 73
5 160
123 29
52 21
169 37
183 55
98 142
103 138
184 19
182 175
86 76
112 25
160 54
117 156
172 70
177 97
160 12
50 140
160 120
82 138
160 177
148 189
164 84
139 41
59 2
82 192
16 45
163 17
54 73
143 74
68 119
148 129
163 98
107 121
24 117
182 128
126 86
74 2
132 19
78 80
193 154
41 148
142 169
29 71
192 126
159 36
194 55
199 5
144 155
154 124
190 52
90 29
83 121
140 196
61 75
119 7
100 55
99 107
106 123
132 148
159 119
38 177
172 90
25 8
25 105
199 183
103 155
149 8
167 175
9 155
154 152
52 198
79 92
85 132
40 29
98 99
152 178
3 152
65 112
71 117
131 29
43 134
45 176
81 124
75 148
190 1
170 11
153 52
56 84
26 165
146 0
77 124
73 27
72 181
135 12
104 185
86 151
152 18
110 165
86 45
136 81
86 38
29 117
170 184
198 149
96 199
161 176
60 170
93 72
159 142
173 138
38 160
149 131
96 45
125 190
44 25
43 73
43 166
179 95
84 176
103 32
12 114
160 82
128 77
33 82
142 89
148 194
166 53
113 138
128 19
176 79
62 99
148 80
193 63
70 184
49 149
156 138
45 48
40 25
55 197
14 19
148 28
123 55
119 183
162 165
99 3
17 149
112 37
96 75
160 196
29 199
163 195
92 32
102 149
52 27
84 198
155 197
2 108
163 174
123 71
112 181
69 12
169 45
138 51
142 50
162 180
185 193
49 193
89 99
141 43
25 142
127 86
26 40
7 37
10 52
86 109
120 93
87 55
170 20
147 45
68 181
37 104
165 159
178 78
132 32
46 189
33 153
40 50
117 120
55 144
53 13
104 188
104 68
84 41
171 38
99 37
137 73
93 176
172 33
167 199
117 80
175 195
170 49
151 52
52 133
151 140
75 156
73 164
48 138
140 53
7 140
74 25
166 122
177 99
10 160
192 142
70 22
77 139
199 138
78 36
30 199
107 73
179 81
75 37
87 9
183 99
33 57
33 91
188 136
55 60
161 135
123 183
53 177
130 152
147 12
91 132
181 189
89 53
165 123
162 185
166 131
18 151
49 78
13 160
34 52
40 4
149 87
1 73
123 64
155 34
167 4
73 93
82 152
185 168
78 171
168 163
2 82
166 165
197 139
151 160
163 141
92 185
109 132
120 33
180 199
197 151
89 21
29 160
74 83
130 65
43 174
31 40
98 193
37 148
152 44
105 159
7 193
168 73
193 194
43 144
149 41
190 101
136 51
86 5
106 82
29 74
166 185
9 88
32 81
45 85
190 4
111 87
45 149
86 20
168 143
82 120
120 75
5 177
13 189
93 78
152 99
167 130
190 55
179 31
19 116
114 185
70 6
159 7
26 193
175 87
189 93
33 176
78 4
91 52
198 99
181 77
67 89
46 66
8 181
52 137
75 40
43 191
79 189
73 191
42 170
46 127
148 67
170 190
65 37
59 151
78 2
3 88
99 23
22 99
40 48
106 155
155 186
140 57
124 100
37 190
161 16
132 10
187 45
171 89
44 155
171 167
37 153
171 166
45 164
28 19
188 83
185 4
77 193
33 34
164 55
118 79
86 157
177 121
109 89
108 93
121 2
172 49
139 103
167 73
121 63
74 82
152 127
79 139
88 142
32 142
119 153
166 128
174 149
100 40
140 182
134 138
148 182
179 2
174 138
152 90
85 149
161 157
126 39
66 167
160 124
93 161
168 167
167 128
183 37
154 171
65 74
198 160
38 190
54 82
154 163
185 27
181 108
155 30
154 161
82 180
25 52
95 12
144 193
191 146
140 41
195 167
159 16
177 78
39 84
1 99
115 2
150 84
87 85
112 193
108 84
21 65
29 3
104 153
46 176
116 193
21 185
128 44
87 76
126 89
37 131
101 167
78 127
45 108
56 117
149 182
32 27
105 46
197 53
135 136
112 88
142 180
54 32
23 37
181 149
60 84
86 15
141 119
75 66
181 7
43 39
198 128
52 121
14 89
86 98
51 121
185 50
5 181
170 188
13 63
104 34
136 109
45 175
120 119
76 149
1 12
148 48
22 37
193 151
148 125
165 193
88 57
129 160
39 160
52 171
159 113
162 62
179 168
2 133
83 179
40 182
114 86
148 136
4 155
69 197
198 159
88 34
12 18
87 22
156 12
132 6
87 43
126 133
88 6
87 31
43 146
160 9
33 169
172 9
189 185
124 156
146 33
126 105
160 19
86 13
193 163
32 96
198 116
69 33
55 13
152 5
120 84
95 177
198 121
19 171
191 167
169 70
68 132
48 12
134 93
23 172
136 31
5 37
12 180
64 193
155 185
179 132
83 20
152 83
79 172
136 170
12 166
1 142
151 196
120 148
179 25
82 89
55 84
79 47
42 84
59 121
98 162
118 32
193 189
14 136
142 124
37 111
99 88
156 29
124 169
73 63
181 89
118 40
153 55
128 14
179 69
163 70
119 142
163 1
105 163
2 5
159 166
186 123
144 146
14 148
116 175
194 40
107 152
178 148
57 199
104 56
160 48
121 153
82 166
24 167
159 128
104 108
62 159
59 165
109 139
83 132
198 93
18 181
127 87
38 104
171 73
190 161
148 101
114 155
106 65
140 0
171 119
29 92
62 149
187 152
33 92
39 171
124 174
123 141
89 152
156 163
113 121
33 165
26 136
152 167
132 181
89 17
40 59
82 51
163 189
122 160
84 65
73 49
145 194
196 165
140 28
181 23
159 138
110 2
193 108
33 72
122 179
48 123
2 143
81 104
115 65
154 166
93 12
108 89
117 69
143 50
152 157
161 24
155 125
155 20
46 196
12 150
119 31
24 104
76 12
34 190
70 47
89 28
197 148
187 146
65 110
161 8
70 86
190 12
179 137
136 189
22 104
13 138
172 19
93 117
118 116
109 2
22 12
0 194
123 181
78 95
29 19
72 2
181 147
137 84
94 79
184 73
173 2
165 84
174 70
152 165
192 119
175 47
65 132
152 103
99 142
175 102
152 112
99 173
179 112
151 100
164 146
172 113
159 5
138 172
141 32
28 199
3 52
26 117
105 171
177 90
134 99
175 114
52 114
55 126
83 95
139 6
88 120
40 161
163 14
136 199
171 60
161 129
75 130
8 128
151 166
51 79
107 166
82 176
182 172
99 32
143 158
105 181
59 33
90 40
84 83
95 132
170 9
45 127
50 126
120 121
104 180
19 125
149 116
102 33
67 124
49 159
68 126
52 103
21 88
194 185
36 143
112 52
140 108
167 76
13 170
104 160
75 193
138 137
193 190
145 70
40 128
82 32
106 43
9 128
123 193
79 149
116 190
150 13
46 33
5 185
143 43
156 87
104 179
129 104
40 113
167 102
86 41
117 4
149 10
24 82
73 119
52 69
167 99
61 84
19 148
136 96
128 79
155 150
80 65
116 112
199 151
112 138
181 90
14 83
12 79
181 92
195 37
105 70
84 182
136 144
46 5
25 101
13 69
189 162
185 35
166 147
163 30
73 5
144 117
120 19
62 117
11 199
189 116
19 121
151 55
57 172
119 185
140 64
177 130
34 19
12 187
163 178
33 99
2 41
172 110
28 181
42 32
27 146
82 97
123 176
89 143
88 133
163 120
73 66
58 99
119 16
145 89
139 97
170 117
8 155
116 106
175 169
149 22
51 73
74 171
12 122
170 140
66 126
13 1
105 142
123 109
193 71
142 61
91 123
149 114
89 172
132 71
158 199
93 185
119 129
127 33
131 128
43 189
82 87
79 82
64 88
70 17
45 135
140 103
113 119
106 139
45 40
78 197
115 33
60 128
24 136
10 167
162 10
54 162
32 46
118 194
121 10
96 116
194 27
116 18
83 73
101 172
86 35
45 148
60 124
165 68
148 173
53 126
115 78
124 157
75 48
192 155
13 196
156 193
79 37
19 79
36 128
55 19
128 70
40 96
159 47
12 7
153 152
89 137
146 68
121 95
112 162
161 30
89 191
49 162
157 83
15 83
3 104
65 11
99 190
181 107
19 39
165 133
21 193
166 169
17 19
190 133
12 15
181 55
78 114
134 79
42 126
146 104
32 94
181 80
33 86
79 59
86 141
65 83
72 83
87 4
80 128
139 12
187 19
182 163
5 139
55 115
16 12
137 148
192 146
162 3
55 176
83 151
47 160
111 52
52 145
163 199
2 120
50 166
163 19
88 111
8 172
20 84
74 197
141 83
56 45
67 45
26 146
100 142
126 60
164 143
13 121
123 16
58 83
78 25
40 69
40 155
43 85
39 132
79 7
38 55
88 104
71 160
136 110
86 155
39 89
40 33
181 175
15 163
130 89
142 52
194 133
102 84
92 82
139 132
134 52
70 63
2 148
30 175
83 136
132 40
76 142
166 126
110 73
179 48
85 197
167 148
194 147
142 115
92 166
124 114
162 139
142 8
46 97
32 25
161 35
126 71
132 80
32 57
0 142
109 146
117 112
159 85
35 146
113 160
125 151
124 63
75 143
143 140
92 151
35 25
70 114
199 65
161 165
179 84
139 16
12 182
37 127
187 138
171 125
46 101
19 197
7 99
69 181
33 0
168 33
50 163
31 86
86 73
3 75
77 190
124 129
25 63
64 197
8 151
7 84
82 198
118 65
139 108
48 171
159 197
173 160
49 181
167 113
171 128
86 104
183 138
197 31
121 105
151 13
139 105
180 73
117 153
183 128
52 159
179 74
116 89
2 125
95 146
22 172
172 64
29 109
146 167
141 121
167 172
35 116
142 33
152 78
11 2
40 167
160 4
83 101
126 78
157 40
19 74
5 123
89 22
185 34
36 151
40 174
11 132
28 40
124 133
193 13
153 139
18 89
41 181
170 25
14 179
154 46
166 49
171 57
143 92
139 72
64 33
1 124
175 12
21 86
134 25
99 196
169 155
55 157
40 13
113 99
19 9
128 190
70 146
111 128
32 109
194 156
93 16
175 77
57 160
93 82
47 19
55 98
127 159
151 33
146 13
26 33
25 1
117 165
166 174
70 29
163 47
170 96
88 137
166 183
172 53
29 65
136 165
127 12
158 32
123 78
73 129
132 196
84 130
160 150
79 127
145 25
190 16
124 140
6 116
171 80
180 2
55 189
100 52
2 150
161 52
79 73
122 139
150 126
187 194
185 124
170 124
111 194
43 82
39 136
66 142
32 66
197 33
70 84
35 136
32 13
141 170
131 172
65 111
142 70
175 71
159 149
144 167
135 116
46 54
78 174
31 124
133 40
161 65
167 165
42 167
134 83
172 121
174 159
162 197
124 57
138 28
132 61
107 79
48 172
135 163
18 146
119 64
195 128
84 67
119 133
47 148
62 190
79 190
43 194
97 136
37 122
31 32
150 121
175 82
99 108
43 107
45 80
165 8
199 127
41 171
66 121
140 107
32 194
191 159
49 163
158 179
121 76
65 192
48 132
0 161
29 37
163 64
116 38
22 140
161 160
13 167
185 38
100 45
99 129
7 148
40 55
163 53
40 54
78 61
162 7
55 64
65 33
88 166
123 133
65 184
141 73
110 146
119 174
157 175
31 177
34 65
152 42
52 98
146 66
46 69
124 12
28 86
172 66
32 154
64 190
119 172
158 40
126 9
117 168
118 99
147 124
44 172
175 68
0 175
73 76
57 197
118 148
125 126
115 86
139 71
131 197
117 8
93 194
65 23
21 171
25 59
26 52
143 165
132 187
74 162
19 176
58 165
147 2
86 55
27 159
190 49
93 55
51 162
16 88
123 138
172 116
12 42
28 75
86 74
80 70
19 8
197 168
68 149
58 29
199 89
147 152
131 84
89 69
164 142
126 124
138 189
124 92
108 19
119 145
68 199
117 53
82 29
84 166
137 119
175 92
35 73
121 62
170 161
123 119
188 75
14 82
124 103
124 118
121 58
86 128
128 192
197 171
53 87
85 70
87 159
99 175
2 163
67 2
131 163
138 147
171 96
170 143
181 127
23 73
142 121
103 12
71 138
164 159
78 188
195 171
159 33
62 12
13 187
161 13
41 83
121 74
197 34
149 28
138 136
121 71
73 158
65 182
113 13
29 15
75 142
54 152
148 40
127 84
128 63
34 40
146 193
171 174
134 172
75 55
172 181
0 82
0 52
25 157
162 24
152 177
171 44
126 11
58 151
119 157
139 187
93 199
140 52
79 117
85 138
46 193
198 140
170 12
139 152
37 32
52 87
32 7
170 165
194 57
4 25
13 199
132 183
147 151
18 165
60 89
172 127
193 88
185 128
52 42
155 190
118 43
147 70
110 179
53 45
108 82
60 162
61 175
192 171
59 140
149 139
37 189
135 128
73 50
165 78
95 172
142 165
161 94
19 190
11 177
131 167
177 156
155 32
138 158
117 166
138 64
73 131
132 194
165 47
81 199
100 175
146 182
186 12
140 199
95 2
86 161
170 66
148 50
82 147
13 133
41 167
149 37
154 117
93 91
139 184
2 68
195 84
142 130
190 158
111 149
82 158
26 194
3 86
131 52
116 20
185 55
117 130
96 78
197 27
91 175
121 1
132 115
101 162
4 79
167 93
171 140
139 142
104 48
129 46
91 82
124 195
108 124
12 128
149 184
125 172
32 41
155 37
187 190
45 78
25 109
132 43
145 148
44 46
154 138
66 163
119 21
155 159
55 117
82 161
83 86
2 47
197 5
25 114
99 90
149 157
119 87
93 137
136 137
115 152
52 17
61 197
8 70
109 73
193 30
169 25
177 73
165 90
174 160
162 86
17 199
70 43
3 128
139 76
110 89
107 151
40 185
146 162
79 74
194 65
140 113
185 159
21 161
184 117
78 149
142 145
20 162
2 160
3 87
99 192
79 83
52 94
188 197
15 73
110 159
73 118
197 43
112 32
145 163
117 20
160 137
47 126
43 138
61 149
159 141
120 123
117 137
193 157
25 146
1 146
130 160
63 78
110 123
146 120
161 125
1 40
14 149
60 143
99 141
156 119
24 2
123 66
199 6
128 143
19 126
172 25
193 149
121 44
119 72
75 178
82 178
104 4
21 142
135 79
181 198
42 70
167 170
142 45
24 29
199 14
100 117
177 106
12 132
166 10
48 136
46 89
17 185
166 163
112 19
119 2
142 31
111 89
37 157
86 184
199 62
45 30
3 13
50 159
5 52
55 192
25 128
142 106
157 165
92 83
194 127
2 182
149 176
33 137
12 105
135 152
124 197
182 139
17 87
123 70
184 152
4 140
166 81
19 143
29 103
12 151
80 155
129 83
181 44
170 176
24 32
85 52
45 105
52 53
185 139
171 93
35 87
70 89
194 98
52 136
89 153
180 86
87 27
123 53
152 146
188 155
91 25
46 14
142 19
170 5
140 125
53 78
87 49
51 143
8 166
36 89
99 193
65 47
165 182
179 164
157 19
189 104
88 60
199 103
47 197
131 148
8 86
162 71
27 163
134 45
185 31
146 63
100 163
107 148
2 46
148 71
32 122
104 73
175 126
140 89
109 117
83 147
80 84
84 44
13 156
117 177
170 127
71 128
177 7
131 139
165 126
110 161
92 78
143 65
153 83
129 78
86 37
69 119
188 199
189 12
116 195
122 33
96 46
96 152
23 155
134 2
121 37
152 22
33 135
60 140
173 126
199 79
12 38
102 88
174 121
7 86
154 87
13 21
164 75
144 104
29 53
6 136
41 121
92 104
161 6
147 117
65 99
33 101
194 192
177 161
165 192
104 191
57 148
167 196
76 126
183 179
70 189
52 125
86 152
148 144
70 92
90 32
193 102
32 91
78 104
149 54
158 163
30 84
78 76
35 155
55 29
138 65
120 43
19 146
97 126
22 82
167 190
161 77
167 82
109 52
142 65
123 77
119 124
194 13
83 24
93 48
25 190
167 59
93 122
121 3
97 32
117 1
139 147
75 174
83 102
144 149
181 13
52 162
75 14
113 185
128 175
171 104
156 86
114 181
165 67
159 67
182 177
170 64
162 12
78 142
172 40
40 95
123 105
75 105
73 26
148 160
23 13
10 165
136 121
109 165
122 140
46 63
192 40
196 19
150 175
159 42
33 13
45 156
171 100
12 157
49 128
169 119
50 128
46 76
140 161
32 29
179 153
56 126
181 113
143 80
78 160
124 110
137 13
184 13
148 183
136 193
31 155
133 29
194 122
47 194
51 32
199 70
98 33
63 197
164 124
33 67
181 48
35 171
88 52
114 65
55 17
14 45
8 121
110 128
171 188
101 89
68 12
109 194
188 37
121 152
163 146
78 66
10 185
10 152
194 164
84 183
152 126
131 33
191 165
87 131
37 132
131 2
93 158
51 123
150 88
82 30
194 1
166 109
138 47
77 149
123 0
170 116
123 191
152 19
164 82
184 162
111 99
146 128
136 57
160 153
93 79
143 195
53 151
196 199
110 140
0 179
39 82
73 156
33 24
179 93
167 197
78 119
166 45
126 137
111 43
162 161
50 175
181 151
165 131
47 40
46 104
79 15
64 166
52 146
40 139
26 149
46 191
143 32
119 182
4 89
104 47
197 4
29 45
173 165
97 161
149 137
185 77
2 28
140 97
78 153
117 107
153 162
176 181
183 152
87 10
146 119
117 131
121 90
160 110
10 33
159 150
184 171
99 54
83 195
36 124
151 129
102 82
165 82
35 29
83 143
17 193
197 80
130 148
198 32
155 167
167 49
2 83
43 27
177 107
114 126
65 175
151 108
150 37
19 75
34 86
22 148
114 43
160 46
36 83
152 37
73 157
30 83
52 124
61 82
37 18
127 43
31 193
106 149
94 83
122 70
153 151
69 159
60 82
67 19
46 137
62 116
89 33
78 195
135 89
46 4
160 55
149 11
56 93
152 174
46 165
193 87
69 123
175 143
130 88
18 148
110 162
6 45
112 126
32 104
191 175
161 80
128 197
140 123
35 199
2 88
174 55
93 99
167 176
164 172
70 95
92 88
70 49
87 69
181 109
87 77
62 87
73 155
132 76
190 84
199 83
88 14
80 99
84 144
136 194
156 143
80 116
155 130
149 143
154 88
123 62
25 0
162 183
142 59
163 101
54 167
177 149
197 121
139 150
107 40
119 49
117 82
185 69
107 123
26 123
181 82
179 140
119 83
185 43
108 197
2 170
151 171
142 56
145 33
154 78
39 99
45 36
73 38
150 170
193 139
12 167
163 137
85 123
39 177
31 88
146 30
169 171
107 29
160 176
176 83
57 46
35 140
116 114
93 116
30 117
192 78
70 73
178 87
94 25
158 185
45 7
99 85
81 163
147 88
161 107
70 69
17 128
135 117
140 79
43 48
128 181
197 134
30 181
15 119
68 128
73 159
142 191
67 152
67 52
108 86
120 124
29 180
162 26
99 121
156 160
120 70
179 127
70 180
146 137
118 128
16 193
95 139
87 26
99 187
116 148
49 43
43 151
92 126
146 100
46 95
154 79
189 83
179 80
109 151
130 86
96 70
2 10
117 191
82 186
25 37
126 25
55 83
89 0
159 161
88 160
142 94
194 49
2 175
37 113
37 165
21 104
27 75
25 102
88 78
47 170
27 2
104 54
119 196
42 197
166 9
33 71
58 52
177 12
71 165
124 27
49 33
193 135
139 117
123 197
123 14
154 170
191 37
84 50
194 167
179 191
191 128
166 63
132 26
155 160
143 151
148 69
93 142
39 65
90 79
177 59
92 142
55 106
186 181
132 106
167 114
151 133
185 12
70 59
43 167
184 143
161 180
84 38
12 53
34 199
87 19
150 172
197 89
130 161
69 75
55 196
34 138
60 117
181 124
148 154
181 130
167 84
86 169
181 74
162 11
124 180
129 70
121 26
179 79
20 136
81 155
132 41
63 87
116 126
82 159
129 84
189 87
87 29
118 190
88 56
138 72
162 115
68 93
61 32
88 162
73 20
43 128
9 93
148 8
37 12
56 86
109 79
93 110
179 62
61 138
87 57
15 167
40 162
83 16
173 19
166 124
148 17
40 125
170 177
73 89
91 146
17 140
197 142
98 82
31 139
15 171
52 147
64 93
167 103
199 192
131 171
176 140
42 123
43 92
194 80
185 57
194 64
144 119
152 176
147 86
39 155
138 162
167 112
26 177
193 38
199 147
28 185
104 33
84 143
165 160
175 57
181 158
22 175
190 176
12 198
123 136
73 179
176 124
166 158
72 65
172 173
194 161
123 168
11 163
164 19
136 50
93 183
174 116
47 43
179 8
29 191
63 139
166 62
148 6
112 143
9 13
142 196
46 93
197 145
17 117
100 123
181 199
9 37
124 22
143 13
1 79
2 15
148 199
14 143
41 99
53 88
68 29
52 46
126 146
65 8
122 117
190 68
158 170
82 47
140 2
77 46
31 138
194 37
166 96
83 50
104 133
175 137
25 57
181 81
183 160
4 175
68 40
161 99
123 187
83 82
124 54
153 159
80 193
53 79
185 142
116 164
155 91
45 152
80 121
97 73
116 121
154 29
55 37
166 75
133 199
177 68
199 16
166 106
25 22
149 103
138 35
147 155
23 177
39 152
93 61
138 129
173 166
168 128
4 149
153 166
137 155
89 78
170 16
191 199
117 45
37 91
125 128
75 104
70 18
45 120
154 190
159 184
152 168
34 148
128 122
138 117
126 101
78 8
172 88
65 158
93 1
20 160
175 130
163 134
8 197
132 131
88 139
105 177
55 67
117 76
104 15
124 183
73 2
79 96
52 197
99 42
159 12
131 82
77 136
147 167
56 146
27 175
196 84
161 85
187 165
25 143
194 36
51 166
54 161
64 136
158 119
112 175
175 119
191 148
136 124
22 73
38 82
160 182
140 101
28 167
29 31
83 126
27 155
88 29
10 142
149 16
40 184
88 187
161 7
173 84
52 152
193 192
25 39
21 40
9 73
68 86
25 7
38 172
167 174
190 20
131 161
160 149
79 30
189 167
166 186
155 87
63 55
159 181
82 155
65 6
149 172
43 51
14 132
178 160
179 171
43 53
140 6
86 119
146 106
96 89
62 55
185 96
122 146
132 96
10 181
98 75
182 25
172 145
40 136
115 116
55 74
73 53
128 187
121 168
160 192
135 138
6 40
150 79
42 78
32 177
117 111
3 117
58 172
98 40
79 58
2 144
165 190
18 123
109 84
45 89
132 31
26 32
12 19
23 197
61 160
152 111
17 73
29 98
33 3
159 107
123 39
29 2
32 44
194 135
87 118
191 139
24 19
132 82
13 180
35 79
152 169
56 121
84 88
197 91
195 88
13 7
152 195
62 13
189 32
108 148
25 28
73 126
180 143
39 87
57 119
70 190
59 46
65 189
133 45
121 40
163 93
56 124
98 78
45 197
42 29
143 28
119 79
33 15
13 79
32 111
154 45
75 108
100 25
105 166
119 71
171 141
165 86
90 82
164 93
46 126
70 60
157 52
78 147
43 164
164 149
29 50
84 89
92 19
84 158
81 123
190 168
95 99
160 76
134 33
170 8
163 147
150 55
89 173
3 45
93 114
55 69
185 84
103 146
26 25
106 162
92 152
33 20
83 68
4 124
25 34
2 35
118 179
146 55
142 97
88 171
30 197
176 117
142 81
69 199
160 179
165 54
40 143
34 139
196 149
167 18
88 8
13 85
29 111
131 78
100 177
70 34
73 16
36 185
148 126
0 117
151 190
138 84
12 137
148 0
119 198
149 0
47 46
194 39
89 161
63 83
148 63
12 96
127 75
46 102
54 177
171 163
147 73
88 148
123 59
90 146
126 145
128 51
181 78
194 70
181 4
86 42
84 193
65 10
125 175
170 50
164 52
155 142
124 88
124 153
191 190
116 139
101 170
138 94
189 190
159 43
197 193
163 39
121 182
21 83
142 178
139 173
185 153
35 75
126 185
77 171
134 128
116 4
172 142
181 195
137 75
1 148
182 37
181 29
190 81
146 54
85 78
131 46
38 163
169 84
193 166
109 160
46 115
97 119
4 159
166 52
126 103
86 48
199 49
117 186
79 81
175 52
185 54
189 194
46 100
13 182
187 199
19 169
143 147
128 149
25 92
28 119
132 140
179 99
53 104
160 119
104 49
193 73
148 168
143 30
149 5
140 190
148 184
153 19
80 175
21 128
160 111
138 194
8 33
25 21
162 124
62 139
139 21
167 164
131 89
144 185
128 22
113 165
174 46
163 75
131 121
165 149
87 13
44 151
197 119
59 65
55 54
111 13
11 82
69 167
177 72
83 164
194 28
158 159
99 155
163 129
197 191
15 13
106 37
98 126
77 126
185 147
22 155
102 29
118 175
16 33
190 57
127 143
123 115
79 64
82 85
160 65
189 152
163 104
46 168
177 16
148 124
2 3
93 80
199 170
172 104
103 84
161 96
195 89
121 15
127 161
46 11
112 148
132 8
190 11
36 13
0 165
85 194
45 186
82 42
109 161
92 171
10 119
83 22
132 111
159 55
197 173
190 22
119 89
194 4
35 52
64 104
2 117
68 70
155 117
177 195
36 87
60 52
198 124
1 167
73 33
88 114
165 40
114 140
124 69
132 147
161 63
61 163
29 48
166 60
193 37
29 143
72 45
199 58
84 192
147 46
126 22
161 126
136 139
184 165
6 197
13 103
195 104
184 193
38 93
98 161
182 185
161 32
1 43
193 93
66 194
72 25
188 79
198 163
57 149
40 188
172 54
43 71
113 171
80 83
99 186
135 123
149 56
185 91
16 167
65 113
155 140
45 124
34 165
98 32
128 109
117 33
174 194
138 90
74 165
136 133
97 2
102 13
151 141
123 111
52 163
194 130
87 73
28 43
140 83
18 13
92 155
133 84
146 176
132 138
46 98
53 175
134 140
169 43
85 116
12 40
55 82
11 86
26 185
166 152
40 67
128 163
100 170
48 83
10 171
62 175
99 12
153 87
79 137
119 180
173 171
141 167
177 103
175 5
177 139
26 89
3 193
166 4
93 155
72 12
49 2
76 75
104 137
79 192
40 72
78 33
142 177
2 92
7 170
112 121
126 37
86 87
28 175
88 180
90 190
159 48
40 131
45 98
141 139
25 148
30 165
44 160
163 58
69 143
1 55
6 142
84 96
42 175
99 97
25 111
195 70
170 29
52 79
199 27
128 196
46 170
193 4
140 13
116 73
62 73
106 199
199 2
134 194
93 177
13 123
93 0
41 160
135 165
63 65
172 155
12 2
81 33
80 79
10 84
106 179
185 33
72 99
171 136
128 56
19 134
165 94
170 125
199 173
154 93
165 55
136 105
53 155
179 11
83 150
196 104
23 33
105 93
68 140
181 0
105 89
171 32
101 121
32 190
99 46
175 160
65 95
166 121
66 86
126 157
75 100
163 33
92 87
130 70
75 150
123 50
154 149
185 89
155 71
91 83
78 32
158 116
119 103
148 93
77 52
52 187
197 190
190 173
138 184
79 178
70 90
129 2
194 175
119 51
82 52
173 46
86 96
45 82
128 114
103 45
79 131
113 25
37 47
182 155
55 184
103 70
65 174
84 33
193 138
143 45
63 40
124 84
6 13
87 141
194 150
30 93
152 61
3 151
198 146
24 193
144 89
73 34
132 81
171 14
93 196
51 159
86 154
109 37
95 84
123 31
195 197
69 170
140 93
170 147
178 25
39 83
188 93
105 175
90 55
86 17
190 182
79 146
40 180
159 122
32 149
1 160
117 75
59 126
156 104
80 55
155 41
108 40
68 171
132 36
172 6
177 120
31 151
132 44
159 17
13 155
17 124
26 46
20 13
99 59
142 179
130 32
194 141
77 55
170 82
186 65
24 45
55 180
151 49
193 152
51 163
149 52
182 123
86 134
192 13
45 66
166 192
142 176
167 14
64 167
131 19
162 199
121 187
65 179
30 172
150 65
163 161
88 90
82 179
146 57
155 79
116 145
79 106
17 179
138 161
43 180
45 172
6 177
110 139
81 65
107 116
59 170
88 191
152 51
60 138
66 83
38 124
123 25
72 128
95 117
133 70
175 132
82 31
148 165
187 159
23 193
161 75
75 64
55 188
167 68
162 25
11 52
187 140
78 75
152 144
107 163
185 56
160 95
97 83
170 122
172 36
116 97
82 94
32 1
193 1
68 185
171 123
172 81
40 117
163 130
23 126
70 98
105 82
154 128
170 195
50 149
195 146
129 170
190 100
156 88
79 114
59 171
68 197
33 43
91 136
119 50
151 98
42 190
155 51
162 127
169 52
155 110
76 170
174 139
106 75
191 33
169 12
172 179
2 100
17 160
167 137
175 86
139 188
93 63
113 75
143 70
198 170
195 82
61 165
89 91
87 1
42 88
175 51
57 86
93 76
93 173
190 135
7 40
196 161
186 87
163 167
163 13
131 70
169 65
143 1
162 164
116 108
52 47
55 138
157 128
182 170
106 190
97 138
41 40
179 108
194 2
139 128
190 188
2 139
179 89
155 132
133 87
82 96
135 185
137 2
147 177
178 84
89 2
135 87
107 32
62 104
145 86
188 52
188 29
51 179
122 165
58 175
75 95
16 82
195 2
75 121
132 170
117 91
197 14
65 16
121 133
70 196
108 142
104 17
170 92
181 46
61 139
120 166
165 32
45 157
149 122
21 197
24 84
161 151
166 110
88 197
142 131
155 19
117 51
151 139
108 46
56 155
28 37
86 158
166 20
4 162
138 88
110 104
84 194
32 52
30 29
85 151
166 68
197 20
177 173
87 54
124 97
139 49
172 139
154 142
143 138
83 33
101 143
165 24
37 199
55 154
151 62
37 13
56 143
51 193
44 197
76 138
199 150
29 99
83 56
194 182
106 83
93 123
155 75
174 12
199 102
146 31
178 40
102 177
165 108
102 146
68 179
129 43
199 82
171 70
117 195
171 95
174 140
29 137
159 102
7 65
34 128
163 25
31 152
119 176
118 45
69 126
115 136
132 15
22 65
89 74
146 86
150 117
166 86
192 73
76 190
119 95
174 99
152 68
91 179
51 149
140 37
160 36
84 154
132 184
83 53
130 104
37 138
69 84
22 13
191 185
117 140
199 91
19 54
142 4
179 136
181 17
194 21
17 13
143 116
72 29
142 34
70 48
37 60
181 76
88 75
15 151
75 13
148 99
32 148
178 70
102 151
38 2
113 175
41 93
37 40
86 121
175 152
1 175
29 28
155 89
123 129
152 17
132 62
0 128
23 136
199 3
160 67
160 70
80 19
166 177
120 37
183 33
2 141
116 37
13 178
126 197
63 75
142 188
13 78
33 97
179 78
14 155
138 52
175 159
72 87
172 114
27 138
50 89
48 55
194 18
3 142
52 14
177 169
3 160
115 179
161 172
32 64
128 130
80 2
160 188
181 84
184 181
132 127
67 142
56 148
165 151
177 109
152 40
40 189
54 166
38 89
197 92
67 119
180 65
170 178
139 30
46 140
151 77
84 145
146 139
38 65
196 123
114 139
163 185
75 60
199 19
13 105
73 195
77 167
178 136
39 165
116 196
169 75
9 194
168 194
30 126
162 85
165 137
196 88
40 198
139 127
59 166
171 161
154 121
116 150
66 79
190 181
120 165
126 0
59 185
18 170
75 43
146 34
77 79
16 13
69 128
171 152
80 87
92 13
9 121
25 49
159 13
22 151
20 132
79 28
112 166
168 88
46 25
136 82
166 30
90 75
53 121
34 93
168 199
27 136
139 189
121 147
165 3
178 43
123 184
186 165
0 79
197 120
99 153
119 194
89 29
6 181
171 34
65 82
148 180
29 179
184 75
55 129
187 148
116 22
138 170
140 164
29 148
131 175
169 140
25 166
170 142
29 23
68 52
46 144
72 151
100 197
199 156
1 88
140 34
74 175
103 78
178 139
94 119
149 127
81 167
63 79
179 131
160 128
52 83
122 87
80 75
146 171
194 88
155 3
89 174
113 197
29 17
94 159
172 67
153 40
12 144
196 179
179 77
162 89
11 128
104 106
184 142
91 124
19 95
53 142
77 93
104 126
33 36
185 14
114 83
32 186
84 101
149 110
179 100
6 159
30 128
138 116
79 101
138 122
70 31
165 93
130 149
126 34
35 197
155 187
131 32
197 48
97 104
125 73
12 35
51 78
134 70
24 119
136 22
158 52
166 199
75 173
86 77
159 15
67 193
99 2
125 33
108 143
188 124
136 38
194 92
78 10
59 75
165 19
54 123
135 149
32 73
91 2
164 119
163 67
37 89
186 2
18 45
129 88
9 55
40 80
37 181
126 131
179 114
167 53
47 93
37 66
49 140
37 49
190 74
45 44
119 101
155 17
25 2
177 118
173 149
55 141
188 88
161 139
116 81
16 116
32 63
171 51
158 162
83 168
87 130
121 94
78 50
33 103
83 69
43 121
193 107
20 37
135 199
45 83
174 175
5 19
19 181
110 12
114 194
144 79
75 165
86 116
87 191
84 157
46 171
65 60
101 65
19 98
159 61
119 98
163 9
197 129
89 157
166 42
111 19
172 185
26 19
89 41
88 116
123 97
159 97
78 91
115 175
126 153
84 98
144 151
189 142
84 151
67 167
137 37
43 94
7 82
46 184
163 160
165 43
126 168
175 18
147 149
190 6
2 17
8 185
37 139
1 185
185 167
172 197
99 63
77 140
199 38
161 73
151 132
126 190
22 171
19 25
104 121
7 19
165 121
37 10
2 14
161 71
5 172
73 84
175 107
125 82
162 56
37 67
73 55
116 134
147 193
78 9
135 43
93 67
52 97
57 179
132 4
129 52
165 197
99 104
194 53
79 116
124 74
102 78
171 56
166 5
185 150
51 65
168 52
33 79
149 115
123 103
46 88
2 166
5 190
7 2
184 88
29 186
151 4
46 45
123 76
127 138
29 121
58 136
79 40
172 109
185 41
40 87
162 65
75 52
40 138
12 191
139 43
65 183
41 197
183 165
159 109
87 60
190 89
43 148
30 159
167 37
128 164
109 93
78 151
156 136
89 118
151 104
157 151
197 22
132 46
126 163
24 121
139 145
107 88
87 28
113 162
75 147
185 18
93 174
73 82
170 44
113 33
170 163
116 42
152 81
185 75
189 19
42 25
136 44
199 157
78 125
120 190
37 39
143 104
110 185
162 142
112 45
72 170
178 140
6 121
189 121
99 117
57 45
155 46
157 2
40 124
186 78
50 138
67 194
73 144
146 44
171 47
170 79
70 53
187 104
163 148
187 43
185 183
126 141
148 138
123 122
70 168
185 65
173 73
187 116
103 93
138 105
57 163
87 78
172 0
183 46
68 155
60 40
114 40
109 193
110 78
157 140
59 143
99 27
134 181
148 30
121 158
103 179
12 178
115 181
174 177
37 3
70 62
82 28
198 161
119 76
21 93
165 198
183 126
182 29
111 185
83 99
149 100
51 116
73 36
132 93
159 104
84 91
172 153
181 197
181 171
77 84
18 126
93 130
67 79
184 104
186 19
44 33
2 61
31 116
49 65
63 37
87 132
19 46
45 25
43 199
146 141
74 199
145 104
84 152
55 131
148 143
102 70
45 49
76 40
64 117
95 29
46 107
121 65
23 45
142 198
18 43
68 121
128 26
68 163
23 2
45 145
138 41
159 192
81 148
170 56
131 86
104 96
29 67
179 37
186 73
104 182
84 17
15 162
151 115
131 124
155 152
12 85
114 132
35 139
193 168
88 101
185 20
197 99
110 82
172 16
190 162
13 148
94 124
126 63
84 22
171 124
117 70
163 180
97 132
29 9
143 52
6 124
128 121
77 29
89 94
48 194
172 18
58 138
42 193
142 39
71 32
103 159
198 151
15 55
56 12
56 197
185 197
34 149
91 86
160 191
139 46
167 132
142 120
93 139
164 78
132 103
99 178
42 75
15 165
142 161
95 87
175 56
128 155
121 79
33 100
177 48
175 89
38 83
185 51
95 166
170 94
174 13
181 51
126 182
149 148
194 178
45 106
176 185
4 123
35 37
25 160
92 119
128 102
89 47
73 172
133 171
181 196
128 199
159 78
116 23
68 45
90 140
67 65
199 12
116 75
99 91
31 128
171 159
11 70
132 34
140 185
8 123
44 83
19 42
170 36
175 122
74 104
88 0
106 70
11 194
157 162
3 116
128 119
56 140
78 24
19 76
14 124
99 119
80 162
114 190
190 86
55 142
0 116
146 140
86 71
146 41
136 74
19 127
142 30
12 10
161 121
20 175
123 2
193 137
194 41
32 4
56 119
15 197
140 71
104 157
7 136
65 25
179 98
99 154
94 123
65 4
138 92
54 171
73 57
99 55
161 28
198 37
68 136
138 119
40 17
159 74
119 45
29 91
151 192
181 34
2 183
160 144
79 104
84 23
52 81
170 15
130 12
21 43
142 138
35 33
176 73
65 36
149 30
170 34
172 14
124 178
179 55
185 9
0 13
181 33
198 148
125 136
51 177
182 55
137 162
144 65
11 32
179 125
168 19
90 132
79 138
62 29
138 59
152 125
163 136
18 25
33 157
0 190
163 127
75 183
149 53
178 155
32 62
146 21
123 175
104 98
152 105
193 65
65 145
185 180
197 143
173 162
156 121
141 142
127 119
37 62
179 75
75 189
140 188
17 151
12 113
172 1
167 62
33 178
104 197
84 125
150 146
118 29
134 193
126 29
179 126
15 193
5 121
199 1
170 144
16 179
172 192
144 194
133 175
70 12
149 156
78 19
82 142
106 84
100 159
132 84
20 40
166 33
126 149
161 101
2 112
154 179
108 166
88 155
83 0
12 21
75 82
101 160
91 171
146 4
103 19
82 191
42 177
90 163
46 149
32 17
190 147
191 86
128 65
73 152
142 137
12 33
149 40
37 117
175 34
185 100
33 80
153 194
188 132
195 142
155 43
162 29
196 45
43 31
11 121
31 37
55 171
89 75
162 64
190 50
82 153
183 70
68 19
185 39
194 120
49 13
62 89
122 82
120 159
171 72
117 34
165 92
87 65
133 161
107 19
69 73
186 126
15 190
97 13
178 32
31 89
125 181
122 177
154 185
122 142
43 172
44 86
22 146
146 112
3 140
186 121
29 105
1 83
125 55
13 125
177 30
12 102
101 82
51 46
119 186
47 87
199 90
165 70
140 192
86 192
71 116
132 156
83 49
33 68
172 147
146 87
151 185
65 2
87 179
12 98
88 161
16 140
183 151
88 103
166 13
79 11
87 174
110 84
141 160
104 8
18 128
116 69
32 163
155 166
175 104
143 105
65 172
31 171
125 43
24 155
65 30
113 2
78 168
170 22
179 166
162 132
83 87
142 175
171 8
79 2
163 55
46 92
163 169
13 83
87 181
73 64
68 88
160 125
60 193
19 138
79 120
54 88
82 129
14 165
89 151
55 7
28 88
142 16
78 48
7 197
112 149
124 158
171 198
19 58
145 166
152 142
168 2
177 133
88 36
138 18
9 179
5 89
80 73
186 175
139 169
1 45
18 140
161 87
172 97
89 177
197 65
40 43
43 102
23 128
121 160
77 152
110 171
115 73
52 189
25 124
65 32
73 112
70 91
190 103
162 177
148 134
86 160
13 124
174 88
171 27
89 158
170 183
166 38
27 142
194 121
75 149
28 13
175 138
146 196
48 87
170 80
6 12
42 37
78 57
150 167
111 126
90 123
27 161
161 168
133 55
116 136
156 37
187 65
2 42
100 89
112 33
111 40
88 179
127 117
51 197
165 16
59 175
103 142
53 162
75 49
193 18
37 90
128 33
58 73
11 155
192 46
136 41
29 138
120 83
67 126
78 190
86 64
78 40
87 97
103 104
128 55
36 43
19 100
84 85
2 172
116 57
155 18
102 197
171 81
33 136
168 146
99 114
55 193
148 87
79 112
130 46
142 84
182 193
195 199
179 120
34 89
52 113
151 195
66 136
186 33
72 194
87 5
14 33
78 59
57 12
175 140
82 8
19 185
85 166
184 190
44 79
55 0
135 148
50 75
159 121
107 33
139 58
43 183
161 69
97 86
142 47
82 69
152 156
36 146
89 88
106 87
12 89
148 39
99 82
119 122
155 139
55 140
188 175
187 117
149 18
57 143
146 64
1 126
155 58
45 21
105 194
66 160
55 44
111 199
182 89
76 55
197 174
190 130
185 83
98 167
24 88
51 161
166 3
117 41
114 142
126 84
101 132
2 107
165 9
59 93
73 103
4 148
199 125
59 32
73 148
115 104
199 18
5 143
175 11
11 166
179 197
179 44
181 54
56 136
193 171
7 160
119 25
184 151
63 116
148 91
88 159
44 175
162 118
139 68
89 102
23 119
171 194
64 99
10 104
123 46
177 63
67 83
60 32
155 198
12 20
117 125
199 32
116 72
80 177
36 155
46 79
42 194
60 25
52 54
173 78
5 151
146 16
29 34
19 167
20 199
2 66
29 187
75 112
180 181
177 25
128 161
108 138
73 31
136 127
80 88
165 31
194 113
86 168
151 158
116 70
173 45
82 115
163 110
166 100
45 171
103 37
129 167
165 13
92 99
7 167
34 87
88 122
117 110
170 157
160 152
17 136
161 53
74 32
59 119
161 95
13 11
79 10
172 191
111 165
43 160
79 48
16 197
93 29
155 112
181 45
29 141
43 93
47 116
138 87
183 78
194 31
30 104
86 101
159 108
3 84
163 74
17 170
155 194
150 142
148 42
181 96
13 135
167 33
72 179
95 52
25 106
103 75
161 146
159 96
167 5
43 80
24 148
178 55
43 15
152 172
122 45
117 194
120 46
116 152
196 82
65 78
118 163
105 160
198 86
89 160
28 93
48 124
122 172
187 83
86 196
142 95
38 161
70 175
182 197
139 98
172 195
118 155
97 84
142 17
165 125
125 46
88 69
33 7
193 177
24 79
19 11
80 29
84 122
45 50
117 183
153 2
179 86
96 87
151 70
169 160
35 126
75 53
177 135
127 160
88 12
199 36
63 170
91 161
163 165
160 117
93 106
32 105
73 198
93 95
54 175
12 39
171 145
42 140
50 46
11 140
151 176
179 71
52 90
79 21
16 89
138 66
132 160
108 37
25 51
73 30
104 176
156 116
197 133
109 70
129 142
92 199
99 36
37 124
180 193
73 165
156 142
130 138
104 102
151 81
70 170
52 178
132 42
119 46
94 37
121 170
139 96
37 175
197 75
15 40
27 172
6 163
184 99
9 175
189 160
143 117
161 58
177 66
165 145
117 97
2 190
12 172
145 124
46 91
179 105
130 78
106 78
117 167
55 175
128 61
89 52
198 89
37 59
155 163
27 37
190 18
116 128
21 2
159 177
182 82
6 2
90 46
159 64
167 160
171 199
123 23
66 159
83 19
181 139
21 116
153 123
179 195
146 125
182 52
97 162
128 98
53 116
58 45
2 146
8 193
124 53
26 142
126 2
147 179
75 18
166 178
96 165
138 100
147 33
63 19
95 116
131 181
143 37
52 9
13 177
132 21
149 187
29 183
148 82
168 138
118 117
172 158
24 194
175 25
197 29
66 140
142 74
126 64
177 8
131 151
40 168
135 37
151 180
162 128
28 132
166 67
172 42
36 171
101 136
114 45
159 114
97 146
143 159
8 143
140 133
27 45
120 65
56 116
32 67
59 162
188 194
161 100
101 99
13 89
53 159
72 163
73 3
132 126
37 85
89 163
194 30
25 36
121 31
124 16
196 25
171 182
179 54
177 15
132 23
124 182
193 118
83 182
73 122
121 25
47 84
132 107
193 59
118 104
148 123
87 61
83 194
136 184
162 104
132 86
172 107
184 93
54 89
149 91
66 155
13 50
49 142
188 87
32 169
162 133
161 4
177 119
63 104
155 191
49 124
106 159
73 40
182 159
180 25
190 75
177 172
51 84
79 166
57 151
185 198
103 171
149 84
2 197
180 128
179 101
126 38
78 94
7 46
171 143
142 193
140 162
132 74
43 3
13 82
45 32
93 22
170 57
166 76
93 133
47 78
56 181
33 123
199 41
140 166
128 158
116 46
171 153
153 29
0 177
43 78
61 52
66 70
49 148
81 40
52 115
150 162
29 63
88 26
160 181
122 126
32 14
148 94
45 150
171 109
190 113
166 142
144 29
172 198
186 167
117 32
45 60
152 23
158 104
140 153
64 199
190 138
183 40
123 45
187 142
194 181
58 84
3 167
52 107
96 172
32 159
177 111
70 64
132 154
94 40
163 138
146 62
155 126
23 151
136 100
172 151
99 76
21 84
140 36
126 121
136 141
88 49
78 15
85 75
154 194
131 123
42 146
199 23
86 107
173 40
57 43
85 190
16 138
145 138
179 157
32 108
166 102
108 161
140 186
58 37
116 99
167 120
32 136
93 169
155 74
181 70
92 159
177 79
132 18
128 45
93 66
43 60
56 52
194 143
116 45
19 77
133 170
119 187
197 194
52 120
1 166
167 133
120 171
1 171
70 136
121 46
68 79
92 117
193 130
162 117
75 25
65 53
139 3
119 0
52 186
157 32
92 190
143 78
148 66
83 158
86 187
194 14
119 149
143 166
50 165
120 170
149 179
139 33
67 12
48 165
165 60
116 25
13 70
199 50
88 96
79 187
93 104
177 199
74 152
137 177
62 140
169 78
74 43
194 89
147 25
125 87
129 86
25 61
121 188
116 157
199 60
128 165
54 194
11 136
159 144
35 43
128 112
85 104
95 170
7 152
147 148
32 151
8 190
108 29
29 10
37 177
63 167
123 112
172 144
91 166
30 116
133 25
1 128
194 96
143 93
84 87
152 50
146 142
155 95
149 94
25 130
158 13
175 199
114 87
45 199
56 78
149 192
167 116
50 151
163 43
68 55
52 141
18 78
69 65
42 142
170 194
136 102
125 65
52 150
147 55
168 140
33 192
186 199
75 72
78 30
151 113
172 3
5 193
14 166
121 183
38 99
165 178
52 155
107 142
43 193
32 152
162 163
179 3
154 165
88 55
119 165
55 47
25 14
1 65
87 137
118 132
122 152
83 5
78 7
193 196
126 93
30 43
193 122
149 107
172 86
150 33
1 89
135 86
163 197
107 128
61 70
155 115
140 156
109 148
164 79
71 78
111 82
104 55
180 78
142 96
149 171
144 75
162 47
93 195
44 162
72 165
190 196
112 82
93 119
37 133
12 78
166 31
185 81
185 129
123 58
19 180
164 199
117 182
58 171
139 92
190 91
142 190
161 144
8 146
44 75
165 144
170 115
160 58
70 113
181 26
25 122
70 186
166 144
106 151
194 38
101 19
61 40
166 80
93 172
107 104
196 65
151 94
48 19
159 111
185 60
79 110
159 65
136 118
117 102
159 41
167 95
126 3
180 37
100 82
148 171
101 87
195 79
119 82
161 175
127 197
154 160
192 52
116 183
88 63
142 14
45 91
170 148
168 45
96 140
70 154
65 133
43 162
149 197
104 139
181 137
79 156
149 66
175 49
139 73
164 139
152 55
117 196
91 75
155 26
115 121
32 195
97 151
19 119
140 98
176 139
39 161
144 123
148 114
159 86
198 79
140 23
22 138
148 169
105 117
123 154
159 136
117 90
91 165
186 190
115 37
68 142
136 15
176 99
18 33
86 89
190 144
26 175
40 97
136 72
123 116
161 153
79 14
192 87
38 152
187 160
77 78
124 41
179 134
197 111
199 99
193 11
190 17
185 86
55 52
156 151
41 87
179 198
30 13
1 2
25 153
31 104
141 162
151 168
165 49
115 70
64 161
194 101
104 50
29 130
150 143
110 126
104 166
25 198
167 31
140 104
39 32
72 73
89 180
136 5
13 8
29 27
149 95
126 14
128 52
87 143
178 159
168 160
154 162
174 146
146 155
149 189
171 121
8 52
136 108
28 160
177 94
75 145
98 152
117 19
64 124
123 9
133 155
38 121
161 184
133 82
139 4
166 26
128 13
19 122
63 45
37 2
173 25
185 90
52 24
152 158
40 187
66 162
167 96
132 157
2 102
78 108
104 87
153 170
93 128
155 97
146 39
20 194
197 36
138 9
104 198
32 88
161 106
168 65
79 175
185 184
142 118
173 146
37 36
158 193
99 20
45 22
99 165
0 46
196 87
152 137
19 1
39 40
14 73
46 114
88 176
194 12
163 172
151 45
128 176
136 16
71 65
128 28
193 172
32 167
136 90
33 27
106 171
55 71
109 45
197 109
191 83
32 110
128 189
152 97
24 89
82 70
146 115
151 16
172 55
123 27
37 83
94 199
197 32
118 121
179 5
175 147
107 12
119 48
135 75
45 121
52 104
110 70
149 96
45 185
57 159
46 179
88 11
12 83
32 170
128 173
64 78
85 93
83 148
116 67
193 6
23 194
180 83
79 163
144 70
89 136
186 146
12 46
160 63
146 177
93 168
73 124
193 70
161 111
105 167
190 163
29 94
11 139
85 89
124 7
181 61
160 170
98 172
180 171
120 140
179 199
181 102
86 142
117 148
60 167
178 86
119 60
63 194
121 143
111 138
136 18
86 153
171 28
32 145
116 87
189 117
136 80
158 25
136 195
134 142
13 172
190 58
25 87
175 185
195 159
41 179
161 195
52 185
194 50
177 40
115 119
69 25
142 174
2 56
155 57
149 15
133 132
162 45
68 25
2 196
11 37
193 53
186 116
79 191
33 141
129 149
138 157
40 74
115 124
126 189
13 66
199 42
180 79
22 132
129 87
144 181
85 199
33 174
143 54
16 117
38 143
141 12
78 82
99 60
72 132
98 87
146 78
4 136
182 99
179 97
16 43
33 60
102 37
7 175
172 47
171 18
3 82
12 179
68 160
135 73
164 138
37 101
64 89
69 45
190 48
97 199
74 52
71 152
35 167
124 42
39 119
78 140
133 179
111 146
9 140
73 45
119 189
112 140
149 71
170 134
2 94
132 125
84 148
119 108
128 16
27 190
165 102
61 166
98 170
33 66
87 166
199 114
6 152
179 185
162 172
166 115
195 155
124 87
163 124
116 110
65 191
106 119
181 146
81 78
104 167
82 169
180 132
65 98
62 142
65 85
146 105
158 37
183 171
52 156
118 152
146 138
132 99
148 142
84 136
3 89
0 155
123 84
150 149
36 12
168 119
194 146
163 42
170 77
167 124
142 101
86 54
58 179
138 57
171 83
158 117
170 85
171 84
87 100
89 122
175 41
158 88
159 125
121 48
173 140
12 106
16 32
23 163
79 132
159 93
102 172
50 88
164 46
9 70
141 132
181 163
40 105
22 199
177 191
18 87
70 40
160 112
82 156
193 145
37 84
194 131
180 138
96 146
51 167
127 190
90 166
123 137
91 143
169 83
8 83
88 153
90 170
53 181
149 44
153 163
14 161
156 139
75 79
2 87
139 137
117 171
55 112
176 13
75 125
33 155
5 126
79 20
144 88
48 89
32 48
193 160
175 73
58 87
115 32
176 65
63 142
87 64
160 62
196 166
89 176
136 104
140 44
26 79
75 33
187 2
146 5
199 84
167 173
26 29
121 144
40 30
170 128
88 192
142 57
142 51
124 173
52 102
117 124
174 79
2 159
99 21
152 108
26 171
65 73
40 71
133 142
86 137
82 116
126 7
55 31
199 113
32 179
13 118
117 44
115 43
131 162
25 120
2 130
21 165
48 117
94 190
123 195
179 43
75 129
30 86
151 170
136 168
13 59
99 34
155 154
104 161
13 191
46 158
61 140
29 25
192 152
121 96
82 123
114 165
78 86
193 167
55 148
171 6
132 168
68 116
116 161
83 116
52 40
43 10
70 101
93 87
93 175
141 116
121 78
120 29
77 75
38 146
142 23
46 60
159 168
64 160
176 52
188 172
179 76
90 194
135 160
197 12
43 99
88 105
155 131
191 126
37 78
9 43
161 10
140 183
13 35
199 137
26 75
32 120
78 117
155 161
12 97
185 164
151 9
93 57
50 70
148 192
108 52
149 101
89 164
2 184
138 182
190 139
86 69
29 110
132 128
49 55
119 195
132 50
139 133
33 148
15 138
86 176
16 160
142 127
96 193
5 45
159 140
94 167
13 58
4 128
122 78
192 190
88 109
165 199
149 36
179 178
42 121
70 5
186 152
103 55
192 45
103 82
156 32
50 181
37 97
172 117
138 101
185 85
42 87
54 13
2 158
43 8
43 136
2 98
137 121
160 42
148 3
90 167
161 83
22 86
70 176
130 162
63 117
180 117
180 146
179 33
107 165
199 159
25 149
162 48
72 146
98 13
139 198
6 143
77 33
148 20
55 8
177 50
110 86
34 83
109 46
111 190
190 195
147 171
123 118
32 72
154 33
160 172
141 46
99 181
134 89
182 87
73 188
166 19
166 138
8 29
179 94
111 121
43 54
163 83
174 37
85 146
110 75
105 162
138 131
72 162
166 136
19 30
72 166
32 168
114 82
172 78
84 135
132 192
47 99
179 145
172 69
52 106
196 172
45 179
23 170
152 134
9 177
99 68
175 10
126 10
19 93
52 15
105 116
118 139
144 32
159 157
152 199
134 82
89 66
19 135
171 102
116 137
38 142
25 150
111 172
138 188
198 199
86 60
78 74
175 75
165 1
140 76
39 2
126 57
151 80
170 43
108 163
76 83
185 78
29 33
161 61
43 55
118 160
122 162
75 12
55 116
43 156
116 64
164 25
19 66
122 136
162 30
132 51
168 162
92 140
171 40
131 75
126 177
41 75
121 125
2 34
152 12
165 62
189 140
34 43
32 196
123 163
188 116
89 11
110 55
88 127
43 68
178 116
120 12
167 22
40 49
90 161
70 191
103 181
140 128
159 123
190 69
146 92
51 93
84 1
143 199
198 197
129 33
50 52
172 175
193 129
172 190
66 139
171 7
88 35
46 103
61 46
43 122
2 178
148 139
155 109
159 44
90 155
86 9
51 170
159 81
172 87
138 126
83 135
87 185
187 37
52 51
25 13
68 148
151 178
65 149
90 83
138 89
167 121
135 179
14 162
193 32
122 124
139 9
174 128
29 173
62 193
160 123
148 52
101 40
87 169
41 166
171 191
174 151
155 65
148 111
40 154
126 24
136 154
13 34
158 148
170 41
152 109
191 99
107 119
53 146
197 1
133 86
123 86
33 56
170 53
139 123
10 136
32 119
128 104
73 24
149 38
195 165
142 128
178 65
17 161
71 99
15 19
33 19
75 93
109 19
139 168
193 81
36 138
175 8
18 163
86 186
45 163
95 123
158 12
77 163
117 161
93 65
13 96
184 177
97 55
116 140
117 114
192 167
0 160
112 190
102 121
181 162
103 162
70 100
105 185
137 65
93 14
75 171
75 138
55 161
86 26
106 181
115 12
46 53
156 99
160 116
75 70
65 123
13 173
184 89
159 35
45 28
116 147
9 2
17 88
99 73
12 165
50 193
139 27
13 115
168 149
121 157
19 89
73 95
115 128
193 44
197 160
23 104
89 79
97 75
117 142
123 89
198 132
40 91
135 88
16 194
8 116
8 12
105 197
46 37
45 90
9 119
138 186
16 143
136 34
88 58
179 161
67 25
103 99
29 139
125 45
154 146
142 48
38 155
147 84
33 96
58 140
152 148
29 140
124 139
79 6
171 187
104 25
162 17
83 60
196 78
164 190
79 184
2 132
47 139
179 181
159 169
38 117
148 115
37 88
120 40
11 87
121 30
112 159
171 99
123 49
39 116
196 159
133 138
162 120
190 104
32 3
64 40
1 116
32 70
150 19
151 95
127 93
164 148
104 71
124 187
9 132
99 151
72 13
126 108
92 86
124 111
128 151
138 128
90 25
159 167
103 165
73 136
172 77
143 88
177 87
98 143
29 159
73 37
108 43
176 43
98 165
124 15
58 40
193 68
84 12
128 41
166 73
116 173
47 86
161 5
114 73
87 14
160 157
122 83
88 15
171 97
175 180
124 99
35 151
45 101
167 110
165 188
24 160
22 33
69 104
123 41
12 0
75 9
49 52
140 32
170 118
51 151
39 170
82 71
78 141
199 101
13 197
126 181
79 141
70 173
63 190
10 99
187 163
183 172
89 25
159 75
155 135
82 86
33 41
181 3
154 199
21 172
198 138
39 179
147 128
36 79
164 152
78 137
81 29
62 2
165 7
179 128
65 166
114 75
140 47
167 48
82 154
45 174
13 94
38 123
121 109
81 37
193 29
176 25
152 35
150 29
73 90
186 13
119 8
93 190
109 124
196 194
19 10
78 41
196 89
132 77
123 19
142 69
151 67
199 130
43 97
46 186
167 158
191 138
152 53
37 159
101 146
161 19
149 136
181 22
23 52
176 2
143 179
150 78
42 93
24 13
123 72
38 165
46 36
27 65
152 185
25 55
40 62
86 189
163 92
92 167
174 148
78 84
2 151
81 197
24 177
42 165
177 127
181 154
160 23
41 52
186 88
140 26
80 165
25 41
21 87
78 72
125 163
79 87
104 16
53 199
83 103
170 10
194 103
199 33
171 111
175 136
199 0
43 37
193 101
165 105
88 23
120 104
159 190
181 121
199 174
136 12
128 62
179 144
100 79
190 31
20 126
99 143
7 128
150 124
107 75
25 194
130 166
194 112
79 78
181 67
22 166
149 1
12 51
158 161
30 140
21 19
2 43
152 110
138 160
65 19
20 89
127 140
183 83
73 19
159 126
16 163
56 25
74 185
143 110
143 53
24 43
187 185
51 172
52 65
129 146
136 117
95 13
101 139
116 184
151 186
149 19
30 138
169 151
95 163
139 70
121 179
40 190
126 156
197 84
105 83
198 123
24 138
61 37
119 143
162 69
95 140
187 84
111 175
84 191
55 56
52 177
148 11
25 71
25 151
162 182
38 197
145 181
193 170
25 9
131 140
11 84
60 121
12 129
85 121
31 163
119 29
74 138
78 161
16 40
70 93
119 135
39 143
179 180
159 99
73 78
96 117
132 195
197 196
56 138
153 46
125 123
92 55
165 146
123 192
11 12
170 61
119 62
24 181
83 4
125 166
118 165
126 16
59 160
87 70
166 83
37 51
26 83
88 128
124 83
116 36
2 145
98 89
162 176
172 178
65 48
40 93
85 139
181 2
148 172
72 193
13 51
53 132
43 50
60 175
138 69
23 83
116 17
169 46
117 84
127 175
165 172
2 60
112 78
11 151
17 132
33 175
34 161
37 74
18 119
73 94
86 139
136 161
174 83
152 182
107 124
21 160
121 92
149 89
82 44
104 28
167 80
42 149
37 176
185 32
134 75
93 58
161 119
140 142
117 159
127 2
126 40
67 171
111 170
29 152
88 189
132 143
40 116
42 155
167 11
148 16
32 23
143 33
181 31
34 162
126 127
73 10
193 105
112 171
79 91
114 152
64 46
43 112
199 119
188 146
159 115
161 166
162 91
50 33
61 83
111 140
32 114
183 163
159 91
37 70
172 10
172 128
150 151
79 111
34 194
177 35
13 4
117 104
102 179
86 14
93 101
170 159
125 99
183 193
21 32
170 19
156 175
177 183
127 165
67 128
177 14
193 115
43 171
119 126
162 108
2 128
6 165
144 175
84 162
32 87
32 75
130 197
172 112
65 129
120 139
197 103
147 159
46 81
100 84
132 35
87 164
191 140
93 166
130 55
116 192
177 86
37 16
110 194
21 177
119 33
175 162
165 100
168 104
143 139
101 43
45 182
93 4
114 37
27 12
40 92
90 124
138 176
147 165
195 65
185 141
171 4
50 171
69 99
36 152
22 179
50 162
45 155
87 117
36 126
7 172
190 95
59 136
19 158
19 27
55 50
147 99
136 54
45 47
50 86
192 179
77 138
25 47
43 69
75 122
116 15
101 2
16 121
162 125
140 193
128 85
136 174
142 22
28 190
189 82
162 167
170 74
22 165
140 136
68 138
179 116
82 187
116 59
41 163
78 1
25 187
99 24
148 119
57 2
43 59
174 165
198 43
171 66
117 198
36 175
86 51
34 177
73 100
78 60
125 193
125 185
130 165
13 76
100 132
124 146
11 116
168 116
132 130
177 131
172 105
165 185
170 24
181 59
23 143
194 186
44 177
132 120
78 167
18 88
65 86
106 88
185 48
127 167
39 172
179 167
32 192
138 39
70 148
151 96
99 66
75 2
19 104
25 98
118 167
33 133
138 53
13 171
11 152
33 188
65 75
186 162
75 151
78 182
23 93
70 1
111 104
137 140
171 61
129 93
26 179
54 155
54 151
197 24
73 44
9 124
142 60
155 158
134 160
193 117
140 145
190 24
76 65
37 136
124 168
84 175
126 162
12 82
55 120
123 99
3 190
82 81
140 25
31 149
89 187
55 191
50 117
35 121
10 40
70 45
52 99
89 83
179 177
72 159
162 77
119 53
64 45
146 59
37 17
99 26
39 86
141 128
89 165
159 176
92 136
93 32
151 105
171 118
190 143
39 199
48 161
9 65
60 194
12 23
181 111
17 166
93 31
136 13
34 116
43 126
37 14
176 121
190 153
166 123
142 123
182 75
101 124
83 51
161 137
119 125
129 162
18 166
184 155
119 167
104 59
9 33
177 10
195 43
89 159
139 179
9 32
149 80
152 162
33 149
37 173
161 25
114 193
132 16
181 177
33 70
58 193
29 57
182 161
17 65
78 52
65 46
37 185
189 25
123 3
82 188
179 184
40 22
193 76
15 172
94 93
133 79
123 173
110 138
44 161
82 162
40 130
140 172
160 27
88 91
59 89
81 119
82 18
138 98
84 79
33 28
175 83
113 155
46 75
171 90
86 170
140 163
182 86
30 185
78 157
86 88
29 13
16 87
165 63
123 155
37 76
70 118
101 128
16 185
199 40
142 109
37 164
37 107
45 188
103 117
150 181
55 118
157 194
87 110
29 47
87 184
184 140
70 182
158 70
172 130
61 19
123 79
177 77
166 160
79 16
40 27
32 28
54 139
188 152
127 104
171 158
12 32
13 129
124 98
146 12
175 16
83 123
113 78
124 66
19 41
92 123
172 118
185 138
180 172
46 197
76 172
192 89
117 173
80 89
84 116
19 82
129 152
180 46
88 94
65 139
175 24
121 89
134 175
150 161
82 53
110 181
151 21
117 43
91 87
100 152
93 86
119 173
29 75
17 139
117 5
43 0
41 88
151 1
198 65
152 102
83 196
60 149
115 197
185 25
75 136
167 20
40 5
160 184
98 155
153 116
25 139
181 192
30 2
104 178
123 15
146 93
159 54
191 132
193 25
161 118
23 148
132 38
89 139
73 71
124 199
40 197
73 81
105 43
89 107
12 155
119 85
2 154
181 120
180 159
175 154
35 163
24 37
139 113
130 73
136 169
35 190
69 151
83 133
23 121
96 155
167 166
126 13
62 19
152 87
14 121
152 64
29 132
10 179
144 116
32 126
142 29
55 61
123 150
151 71
185 112
138 38
75 167
117 35
193 54
175 66
141 181
83 88
191 124
152 80
112 87
193 119
75 5
190 109
70 164
175 97
70 77
104 35
45 0
2 191
1 138
123 6
74 128
126 17
171 3
101 152
75 170
106 185
66 197
197 72
70 192
116 102
50 99
94 33
187 175
26 190
172 37
128 57
48 193
46 22
142 91
197 58
11 161
136 76
93 89
162 179
120 99
128 5
54 121
84 188
19 193
197 87
145 82
139 159
121 12
19 69
93 136
12 24
41 55
137 185
13 93
153 175
25 27
79 32
133 116
173 88
175 110
179 61
35 175
132 27
2 33
81 146
128 29
37 8
185 13
111 75
151 103
2 103
121 93
115 177
86 103
167 44
171 162
139 14
37 119
138 78
93 113
152 0
14 190
37 54
128 32
118 19
178 93
99 185
86 148
181 66
131 45
55 105
32 22
113 73
84 121
116 50
70 88
14 146
121 22
160 92
179 23
141 89
16 181
132 144
183 86
84 174
99 162
166 36
45 77
190 36
82 49
49 146
101 151
29 147
6 55
167 38
107 155
164 161
101 52
135 172
199 104
137 170
12 74
27 165
150 179
192 104
166 184
117 58
166 57
2 96
175 148
24 87
161 181
129 199
194 97
183 88
79 56
45 191
143 192
152 141
78 120
119 136
128 27
127 83
74 70
78 26
148 85
73 162
64 82
25 20
95 124
123 162
66 119
58 124
87 128
19 31
52 191
25 24
116 181
104 112
65 134
125 70
138 120
163 37
45 153
152 70
126 170
58 104
162 75
17 123
52 160
161 193
140 14
79 86
132 55
89 114
55 101
96 124
57 139
190 166
126 27
82 130
151 10
155 121
194 152
146 58
129 19
119 35
152 9
97 163
104 183
6 138
46 15
143 118
53 93
130 119
197 0
82 143
141 19
136 198
64 181
117 151
186 163
83 198
113 45
162 22
132 122
84 160
170 162
2 162
119 20
70 72
25 117
142 72
100 160
196 185
139 69
143 133
199 160
114 2
171 132
37 69
110 83
137 151
136 0
72 126
115 83
180 167
42 162
70 41
86 140
52 28
166 129
175 95
102 155
37 147
66 190
143 102
1 152
159 188
62 181
55 136
32 30
106 29
148 9
38 40
171 2
133 185
86 99
30 124
53 136
172 26
162 155
155 105
65 89
37 184
168 55
166 176
183 32
48 128
104 138
23 171
75 187
124 10
162 19
32 15
194 78
121 195
14 151
112 84
190 180
108 175
110 43
49 155
84 63
165 11
167 187
161 46
175 184
162 95
132 0
142 132
177 188
45 59
12 168
95 32
152 136
155 2
0 167
132 165
33 108
136 98
98 159
148 65
104 165
141 193
104 95
186 160
13 80
116 120
115 185
104 9
86 62
160 37
42 33
21 190
93 149
43 98
61 89
19 136
179 109
29 185
50 121
83 40
64 25
120 73
126 82
99 145
46 82
25 154
33 124
159 9
179 19
25 97
40 8
89 147
74 166
43 76
108 128
26 160
73 74
183 146
33 126
66 179
197 170
156 89
183 82
155 6
119 70
40 51
168 87
167 140
194 116
165 194
24 116
140 149
175 15
140 19
72 43
95 33
140 67
5 162
145 78
150 82
155 25
179 186
124 46
38 32
83 142
121 139
111 84
83 193
6 119
181 118
165 116
116 180
28 166
181 98
167 151
69 194
177 56
43 96
161 50
166 180
177 70
99 100
81 165
159 18
43 6
29 7
165 156
139 0
165 65
46 84
174 104
190 71
15 161
121 184
46 86
151 127
85 40
29 6
29 56
184 126
188 185
34 46
136 36
117 65
149 70
199 48
39 190
40 160
12 161
32 181
0 65
136 2
99 106
166 7
165 77
163 188
154 159
130 179
172 186
82 26
88 198
138 4
85 152
88 113
76 104
138 153
177 19
151 175
135 126
128 37
73 11
78 68
13 64
33 17
136 196
60 155
113 104
63 136
89 167
55 4
78 148
138 5
57 123
197 116
160 107
179 96
80 123
128 53
54 33
101 185
19 88
70 121
32 58
12 140
21 170
37 186
52 76
100 194
39 117
130 124
32 100
190 96
79 55
104 177
55 94
165 41
124 134
109 75
183 73
91 139
194 86
129 179
102 32
132 78
40 134
192 177
67 155
117 61
197 37
142 35
163 69
102 86
138 139
62 33
132 150
77 155
136 130
9 12
101 197
84 118
136 45
45 170
26 163
132 25
43 7
190 53
100 167
117 133
177 163
46 185
22 79
88 97
128 58
152 49
133 159
65 157
177 18
79 31
148 166
72 55
2 149
126 107
78 189
83 75
177 92
133 19
10 55
84 35
176 199
43 123
19 188
101 123
172 71
170 114
75 191
88 30
57 99
29 39
138 70
7 52
71 12
155 111
174 52
177 187
125 89
24 166
159 148
62 25
70 124
179 49
181 104
123 104
29 18
151 119
39 167
45 17
170 55
22 177
116 92
176 126
126 128
32 77
109 82
160 103
2 20
78 118
19 191
106 165
177 108
87 88
15 179
136 107
21 82
138 12
12 164
37 21
10 159
39 13
0 124
160 30
164 117
199 44
38 119
105 99
185 58
112 83
13 164
167 178
197 76
103 185
82 168
137 45
105 140
121 18
82 77
100 86
76 70
94 155
38 128
75 0
55 173
110 25
173 83
58 126
196 12
173 142
186 84
106 172
20 193
132 75
179 107
90 2
181 166
22 185
61 123
86 195
190 102
130 140
187 172
171 98
142 112
146 77
12 86
76 82
73 106
37 92
168 37
175 14
62 155
97 70
11 33
66 43
162 87
70 4
9 40
124 89
132 137
43 147
187 179
173 181
148 54
39 181
32 55
29 190
172 74
105 190
186 83
53 37
46 43
110 40
132 172
151 182
63 162
149 161
12 90
132 112
78 139
75 199
180 165
128 123
175 124
193 66
37 192
171 157
43 113
73 96
93 157
148 21
177 46
105 87
43 130
9 162
174 2
55 107
81 93
197 189
144 171
10 82
132 177
10 89
199 193
79 124
52 71
112 163
26 124
40 89
88 152
68 117
84 153
149 195
194 91
33 87
83 167
43 150
86 117
19 13
91 160
162 33
120 86
23 117
162 196
19 198
6 84
6 83
191 170
172 24
196 152
189 124
81 117
123 151
1 119
45 107
181 75
199 63
167 61
46 152
49 19
77 166
79 54
113 79
106 167
161 113
18 79
192 43
188 12
155 120
134 78
142 44
91 126
186 79
33 161
61 185
112 86
70 44
181 164
43 95
152 79
37 57
62 177
108 194
127 73
131 143
70 132
128 20
93 141
110 46
190 198
65 15
129 172
1 136
121 82
60 197
167 2
75 68
132 161
129 159
70 14
163 5
171 138
144 13
19 59
160 96
170 104
169 179
82 171
62 78
33 118
198 29
187 32
119 134
143 185
124 8
131 25
87 20
57 104
60 104
83 32
180 32
159 137
194 125
29 11
194 191
167 198
17 194
12 126
81 25
161 62
167 156
5 142
141 155
167 126
38 179
191 32
44 148
45 12
84 115
25 23
52 199
26 152
79 158
125 167
23 138
7 104
90 93
140 27
46 41
150 40
104 135
86 125
19 151
105 86
151 65
124 2
181 52
13 132
21 167
120 128
171 135
145 79
70 25
35 93
123 127
46 94
79 194
15 148
68 159
126 4
111 2
91 73
155 47
118 149
167 70
162 79
193 186
171 190
122 46
159 183
84 27
78 99
172 166
15 146
89 186
163 10
111 193
166 114
2 51
114 123
58 43
186 159
44 143
170 180
15 199
160 14
43 137
148 10
29 44
45 20
163 62
128 99
1 162
17 79
197 137
13 101
152 59
136 185
143 123
169 167
79 34
137 99
67 87
154 177
155 119
113 177
128 152
93 50
106 121
36 29
45 183
128 54
122 185
42 55
26 93
140 80
40 127
36 119
164 88
149 90
169 194
13 45
142 80
67 70
152 120
65 31
136 126
185 170
145 40
139 83
187 161
165 169
65 68
174 126
142 73
197 187
12 193
28 117
99 130
30 12
83 47
81 175
177 151
174 181
83 170
91 177
117 175
64 84
34 124
148 196
76 151
75 22
169 99
104 2
89 154
163 8
52 93
116 162
112 46
166 44
75 20
161 56
118 126
93 191
13 188
15 166
25 127
89 115
109 40
22 193
67 197
75 124
137 40
40 195
116 169
175 139
95 165
29 157
191 121
132 186
46 136
58 177
86 149
55 3
84 16
55 95
118 37
170 112
93 62
76 33
155 196
117 10
166 139
77 117
199 194
7 116
154 75
75 192
152 198
52 126
132 45
85 163
146 82
24 171
8 32
146 114
19 70
33 182
141 75
112 99
122 104
91 167
161 123
45 138
160 18
87 90
110 142
60 190
159 25
123 147
152 123
86 199
140 100
199 61
25 48
185 173
90 139
133 166
50 25
19 182
18 197
128 94
194 58
182 179
82 163
46 28
14 29
33 111
97 65
193 69
115 167
54 132
124 23
89 8
167 107
146 118
170 164
8 152
79 72
167 138
62 75
133 163
12 87
138 121
124 76
119 190
188 167
121 196
140 24
20 78
162 192
76 146
116 27
176 179
123 75
138 195
80 138
160 164
17 175
32 172
118 82
153 93
175 179
176 75
65 3
87 103
63 119
178 89
160 145
40 156
132 3
123 102
56 87
162 41
123 35
111 45
79 25
105 79
177 4
163 119
35 193
78 158
11 40
175 67
4 179
124 135
87 0
27 151
104 169
55 53
43 140
12 59
21 124
43 4
132 52
126 28
193 169
193 132
171 172
136 177
95 25
33 39
6 87
150 165
75 6
52 19
29 51
165 87
19 139
167 17
65 40
128 136
194 29
53 179
23 87
6 146
146 113
37 26
161 81
19 72
12 34
121 34
184 45
181 14
66 25
138 169
45 35
121 140
38 13
139 24
103 166
196 163
175 121
27 179
144 82
170 91
149 105
113 143
83 184
175 163
171 25
84 5
77 197
194 33
52 57
197 73
194 151
148 141
33 121
126 90
132 113
29 20
79 70
185 94
69 2
50 19
101 12
122 13
145 55
193 2
175 3
71 93
123 130
96 52
178 19
19 44
188 86
46 178
146 143
80 86
190 44
140 33
47 167
177 57
25 86
192 12
76 116
127 124
187 87
79 185
146 189
59 117
40 159
157 87
106 33
100 181
89 27
47 161
142 15
185 148
139 1
7 151
54 84
28 124
136 146
55 108
66 166
150 140
146 107
193 79
125 177
94 193
136 111
187 126
186 197
119 58
179 124
25 137
152 48
73 46
167 45
148 72
43 67
80 185
32 164
24 55
136 28
132 92
172 103
124 24
142 2
42 138
149 151
140 73
14 170
106 152
86 118
114 121
189 159
96 177
90 65
128 194
140 65
142 24
29 149
103 161
83 9
185 49
197 39
14 152
27 83
183 197
99 30
162 109
191 78
66 152
186 142
159 135
110 193
95 86
3 119
22 117
197 177
133 12
87 170
163 192
40 163
177 81
57 165
86 29
55 199
29 116
62 194
15 70
84 68
33 47
167 6
112 136
146 46
159 160
36 162
149 58
143 22
86 1
5 124
121 193
159 131
126 109
3 40
117 52
117 72
149 153
138 95
123 44
88 77
46 67
152 161
165 44
9 193
167 57
12 81
146 40
64 19
128 177
12 111
56 73
185 63
135 132
84 114
111 119
74 88
106 197
126 142
40 106
13 141
123 194
29 134
60 177
132 129
93 15
28 65
142 171
28 146
93 27
106 138
139 38
7 83
46 199
97 170
161 92
70 179
82 48
79 126
95 88
162 57
170 35
182 116
136 191
177 3
96 29
172 126
194 104
123 60
160 133
74 149
25 174
71 46
117 163
39 79
147 160
71 159
89 189
177 185
116 159
33 61
24 199
2 52
47 32
169 13
33 93
76 2
142 87
152 43
8 167
40 170
149 27
169 161
119 17
139 167
177 148
2 22
172 61
199 4
65 136
43 17
8 2
193 10
177 28
43 161
87 136
19 35
193 178
117 128
190 9
52 135
39 75
148 176
0 159
29 115
45 146
37 100
187 170
79 85
41 152
38 181
149 188
188 179
12 63
8 138
181 165
86 94
90 162
190 87
2 31
123 68
177 47
70 185
73 60
29 124
73 92
49 84
154 37
140 197
160 97
49 32
190 183
110 151
135 151
116 32
184 32
115 199
155 70
33 53
170 99
5 25
173 175
43 157
46 30
71 13
81 83
151 120
45 177
21 155
121 64
74 13
78 176
134 166
75 7
182 93
91 128
137 55
166 150
73 85
61 79
46 56
190 137
143 106
94 84
18 55
134 171
25 141
61 162
10 46
175 166
19 38
124 71
122 155
79 27
9 89
99 96
139 59
22 139
152 150
141 161
151 79
192 29
79 23
127 55
13 145
156 155
121 4
170 181
26 70
185 174
138 150
148 38
159 193
104 132
142 41
21 29
188 151
82 34
114 177
155 104
159 101
87 171
44 2
109 138
119 140
99 14
194 163
89 42
128 153
65 146
133 46
32 123
20 123
162 149
171 33
151 61
138 0
197 94
121 21
117 179
147 65
17 46
65 58
87 183
138 86
54 117
93 39
82 173
117 85
199 189
139 39
116 191
42 45
122 86
12 49
147 32
175 94
133 172
86 144
121 100
1 75
38 159
117 192
152 4
90 13
52 18
121 110
82 27
149 39
42 128
168 181
132 159
135 25
46 38
78 193
163 102
193 57
127 166
184 52
167 74
99 70
79 169
28 123
148 181
163 164
119 188
25 181
135 40
194 172
56 75
97 181
32 50
135 140
73 143
29 174
122 197
139 100
166 40
188 117
196 177
151 121
116 163
147 197
33 109
59 159
126 120
47 181
30 119
45 31
113 86
70 161
40 56
189 143
177 88
86 4
136 86
119 105
187 136
181 191
109 87
126 6
183 161
60 29
58 12
42 136
193 40
169 172
73 138
122 171
97 190
159 80
29 169
152 13
181 11
124 93
179 1
10 88
71 70
146 83
40 181
84 104
165 53
84 15
185 127
150 70
181 21
70 126
65 92
52 86
41 177
88 72
65 141
197 71
162 178
144 126
19 60
173 155
77 148
57 75
5 79
54 163
66 185
96 37
163 7
81 70
75 152
103 175
169 128
132 66
194 77
198 193
19 4
40 151
125 116
124 159
52 127
145 152
167 123
139 36
190 129
65 66
99 122
197 110
87 144
65 105
35 148
12 183
102 19
151 91
149 24
118 88
151 73
173 87
65 173
62 65
37 171
114 160
12 163
56 199
29 61
181 178
140 138
178 175
121 130
13 106
78 124
3 159
51 148
132 49
4 172
142 111
45 19
179 92
13 120
171 185
152 57
142 46
174 86
166 94
158 197
199 59
190 65
162 169
52 139
55 186
55 119
128 96
177 61
2 93
20 32
155 181
126 65
192 19
161 20
32 176
91 163
116 33
139 144
86 24
40 115
45 88
150 93
37 134
159 21
149 20
167 30
167 154
52 119
148 146
65 42
90 84
157 190
27 88
104 105
142 149
29 100
166 188
48 166
185 157
21 73
86 75
132 124
106 32
99 133
163 3
128 156
20 124
143 97
25 186
99 40
88 65
20 104
154 126
156 171
74 193
185 72
86 16
12 171
197 175
46 62
126 147
118 12
46 145
10 116
112 40
73 77
197 9
162 93
155 174
90 197
132 64
104 82
84 119
96 126
67 78
193 34
131 136
72 140
42 171
174 190
193 39
124 18
69 78
52 44
40 129
141 140
162 144
93 115
161 76
56 99
64 2
38 25
99 9
110 45
189 33
70 3
116 111
37 71
144 124
91 172
123 174
125 104
75 177
109 149
167 25
138 99
136 3
155 199
160 22
146 179
149 43
39 88
194 173
17 172
172 28
14 84
153 70
158 132
78 31
162 94
182 32
146 69
151 42
79 196
8 93
185 181
83 35
121 69
134 159
197 153
94 163
78 14
113 19
104 90
37 161
155 83
159 79
199 95
29 73
139 119
190 194
99 79
46 49
1 140
151 191
25 188
149 6
87 123
156 25
19 37
189 123
171 16
80 126
87 120
185 130
99 13
199 8
64 128
125 12
115 163
5 155
29 178
84 72
86 63
162 107
60 161
6 104
160 53
6 128
123 12
93 44
40 186
123 63
89 58
55 11
165 124
50 65
56 89
143 12
75 34
166 56
190 160
124 35
95 159
66 40
26 170
34 172
6 194
184 146
84 34
175 21
172 156
86 72
78 184
116 176
59 161
155 10
58 142
93 18
145 177
169 170
121 173
43 142
152 25
27 86
163 29
155 124
70 140
41 82
139 130
40 140
12 47
136 69
145 162
75 101
23 149
147 142
28 12
17 165
162 195
162 8
45 141
65 171
123 124
79 147
86 143
170 71
66 117
155 127
95 152
115 25
36 181
108 160
82 6
194 177
20 171
120 149
122 163
155 16
7 139
1 104
170 88
13 175
197 70
43 45
50 87
171 126
149 180
84 105
183 89
123 40
114 55
189 132
166 6
195 166
148 110
104 83
82 66
50 139
137 19
93 187
167 27
13 149
146 80
65 56
198 87
23 86
100 126
173 12
92 84
87 121
65 64
71 87
46 24
152 2
128 100
11 142
170 155
181 35
52 31
89 120
74 93
63 171
59 87
35 179
86 163
108 170
173 33
91 138
25 53
85 86
149 63
166 37
162 134
199 105
81 13
126 134
36 82
172 99
48 163
126 48
62 143
148 179
42 117
134 151
83 117
160 77
1 46
37 95
134 32
13 179
142 90
163 65
134 136
59 132
136 186
123 170
28 193
126 113
79 50
6 19
86 173
121 20
162 143
29 41
130 126
116 103
190 115
117 181
156 159
148 53
129 45
165 88
62 52
194 61
146 99
177 138
133 146
149 72
184 194
175 149
41 193
156 65
136 190
13 162
32 146
126 198
146 11
173 43
56 165
172 56
148 5
75 30
195 29
111 93
166 157
172 199
116 132
2 81
87 38
170 166
99 31
44 138
199 25
73 160
163 84
190 13
121 162
75 92
175 120
117 89
28 55
190 10
175 46
59 73
170 27
25 85
14 193
161 192
123 22
188 70
13 183
78 175
25 183
141 138
63 140
43 88
62 197
44 185
177 144
83 70
163 149
121 119
30 55
99 18
192 124
93 151
0 70
46 85
35 99
32 175
48 116
17 146
136 173
85 124
82 88
196 139
62 79
104 40
59 190
168 43
148 79
140 69
32 150
9 161
117 116
107 199
64 43
65 57
57 132
199 71
155 55
162 188
51 55
42 119
30 25
152 30
6 89
179 59
152 140
179 111
3 170
123 24
163 114
167 134
92 93
29 167
31 170
181 91
43 84
54 116
128 46
171 94
181 42
19 105
104 0
13 48
43 38
72 152
145 37
104 141
146 166
140 39
145 159
18 142
79 69
46 80
54 78
43 186
140 181
190 23
146 135
170 81
171 107
11 172
39 52
49 86
30 123
73 75
69 32
181 86
191 40
1 181
116 166
83 154
146 24
25 108
172 159
143 163
58 2
162 102
6 86
152 143
185 107
90 33
39 45
52 22
136 180
117 129
161 26
34 166
189 99
46 9
83 165
170 149
12 17
97 197
84 71
138 63
194 52
79 45
79 43
143 18
0 193
29 4
21 75
103 136
27 119
152 33
136 192
2 189
146 147
29 22
117 141
196 73
61 126
82 140
190 177
163 46
61 193
190 45
162 147
23 165
143 129
192 175
3 124
155 138
128 145
23 185
157 148
34 167
71 166
117 152
48 175
137 128
40 46
143 134
23 75
69 149
153 12
103 65
75 17
121 124
160 142
139 170
64 37
171 186
197 166
89 76
162 159
96 123
97 185
31 140
20 140
38 175
29 54
171 160
149 104
199 116
143 64
185 156
196 43
162 18
15 152
140 154
19 57
15 117
52 179
190 83
39 128
155 72
88 25
116 127
129 140
73 194
192 185
46 134
174 73
193 179
71 45
125 29
157 117
147 19
188 46
52 193
2 16
118 166
193 56
151 0
81 88
123 164
152 170
63 2
186 149
131 199
115 88
29 184
128 73
160 60
78 105
151 154
134 13
181 93
166 194
132 24
80 163
162 28
75 153
115 165
67 99
13 107
22 55
8 46
124 65
192 2
170 171
134 87
166 119
139 20
104 36
21 117
52 36
175 193
88 33
119 162
1 123
128 24
184 163
94 172
148 96
109 170
144 33
112 12
190 72
177 74
182 43
37 123
45 33
55 5
69 160
72 104
19 3
30 87
128 47
32 33
174 179
152 124
43 190
70 30
143 26
189 166
45 95
166 182
34 32
25 165
58 159
181 12
82 197
29 1
143 161
4 99
128 10
55 66
20 65
45 34
132 63
181 94
179 30
6 25
83 178
165 79
118 140
195 193
2 164
199 182
70 2
46 3
170 156
103 163
104 80
124 61
159 31
198 13
73 48
59 52
139 32
181 73
139 13
31 148
75 10
153 165
112 151
132 5
72 121
141 88
193 173
36 142
82 95
104 124
24 93
60 116
70 54
190 51
155 78
84 82
23 146
82 177
84 66
63 172
56 194
161 167
37 34
81 84
84 52
88 100
8 84
135 167
45 92
150 87
73 150
174 19
15 185
129 116
174 172
20 82
70 159
11 117
78 109
164 40
179 47
154 19
72 199
157 123
153 146
113 123
138 2
145 161
104 27
83 59
73 52
27 143
121 135
90 116
84 75
194 162
172 146
20 165
17 177
19 156
163 142
164 136
146 51
119 152
161 124
111 73
20 142
11 104
138 114
176 136
191 166
51 165
129 181
79 102
56 37
32 76
134 161
128 75
160 83
161 197
31 172
86 43
170 103
84 57
117 13
56 13
137 83
50 197
117 101
134 12
48 146
193 124
149 166
195 13
136 129
195 148
138 165
185 71
186 139
175 23
24 75
179 141
98 116
139 67
197 178
64 139
140 84
26 199
39 73
136 155
62 152
42 73
33 58
19 43
180 33
188 123
45 93
124 112
68 87
104 39
167 108
29 136
184 25
82 185
140 147
105 124
84 76
20 177
181 193
170 67
33 132
157 172
149 3
40 77
88 22
44 163
190 156
99 136
155 145
162 92
179 36
85 181
65 96
165 5
50 2
84 170
191 162
151 122
76 79
73 8
59 155
136 25
181 135
84 9
186 75
190 179
146 89
79 97
107 70
186 93
12 142
157 82
199 21
140 148
198 194
82 56
26 151
99 163
122 116
191 25
98 148
135 142
198 2
55 177
149 12
23 40
58 132
43 20
161 188
45 2
131 193
18 83
119 75
160 72
100 162
68 13
101 78
151 6
19 130
90 19
190 107
191 163
10 45
163 96
117 115
34 119
51 88
7 138
89 7
105 128
127 99
33 5
136 162
5 171
19 71
12 176
101 73
41 37
148 76
88 61
55 33
25 82
12 60
12 3
71 177
13 31
98 166
32 68
116 155
177 84
29 83
172 115
56 123
165 52
160 90
42 185
175 146
167 52
13 112
123 126
156 146
180 52
13 52
17 82
190 33
197 199
116 142
104 186
82 194
171 62
144 140
154 139
156 181
199 66
163 88
13 88
36 163
9 171
77 159
71 171
193 36
73 6
170 175
139 192
199 109
177 83
147 119
125 32
97 93
123 158
27 121
35 149
193 126
172 170
193 162
185 195
199 161
78 28
156 33
37 142
28 73
33 164
41 45
148 156
88 136
88 44
37 0
197 184
89 168
95 197
5 88
2 156
152 69
121 192
119 184
6 185
34 78
102 170
152 91
93 102
84 113
43 158
139 10
130 83
103 43
180 197
179 90
95 143
109 163
13 108
55 149
12 92
110 199
82 63
131 160
13 60
54 75
172 83
106 46
170 131
13 67
84 28
45 37
48 99
164 86
175 63
30 190
148 186
52 20
193 85
35 32
156 93
113 149
186 170
166 32
26 167
99 144
179 119
141 84
65 170
99 157
21 123
37 144
138 149
67 86
197 152
144 19
128 82
83 162
163 150
70 24
118 2
177 98
61 136
148 162
54 65
171 137
105 161
88 71
72 37
49 136
171 178
54 12
130 146
143 111
158 33
160 185
18 46
43 177
88 76
12 94
177 65
46 118
161 3
74 119
20 172
2 85
50 167
6 175
97 166
15 155
88 119
128 35
79 98
78 6
149 9
190 152
122 65
40 122
167 88
20 55
29 151
40 88
138 151
163 78
102 138
59 55
3 78
80 119
181 101
175 96
59 128
129 194
155 7
140 177
191 193
181 119
89 77
148 62
142 40
143 177
109 55
172 123
125 139
127 32
36 75
75 196
98 197
89 32
66 151
88 182
193 120
117 6
195 33
181 88
23 159
195 46
70 36
196 29
66 165
126 88
75 47
175 145
84 184
181 95
60 146
135 32
189 161
121 55
11 124
87 147
179 85
13 127
79 38
121 17
104 18
177 36
136 172
88 157
25 31
104 67
36 161
101 104
84 146
172 176
199 142
46 74
136 94
20 70
151 130
49 89
29 46
194 137
85 88
54 126
161 41
45 54
103 121
82 139
4 2
181 27
77 2
77 142
42 79
176 194
179 64
128 129
185 53
153 199
177 1
159 8
185 64
121 77
10 146
32 137
169 197
137 166
2 135
126 95
37 129
99 17
90 151
50 146
45 55
99 149
38 29
136 120
31 160
87 176
190 110
99 77
42 46
199 51
82 113
55 36
43 145
13 157
37 151
151 82
142 64
29 145
163 139
93 37
149 48
64 149
52 16
170 174
74 151
32 124
183 175
42 83
162 31
76 163
117 18
111 163
42 13
73 170
152 113
76 199
119 191
157 163
71 2
93 152
125 149
166 69
138 181
130 171
99 53
199 120
123 11
193 176
103 25
82 35
86 124
161 1
32 5
42 139
162 114
173 161
2 48
115 171
79 3
197 79
19 195
193 164
78 170
138 20
38 75
116 171
131 93
140 106
84 180
128 124
117 106
124 186
82 9
177 158
52 122
9 199
167 111
130 143
79 49
190 141
79 125
86 167
26 126
127 121
84 25
100 148
123 10
148 64
86 58
175 40
171 79
94 65
155 180
45 165
172 60
185 2
148 121
128 15
123 36
29 66
25 129
136 150
123 52
87 89
110 119
88 59
82 193
131 185
58 167
40 147
7 194
43 25
135 29
128 186
148 12
89 71
146 127
180 93
40 24
197 114
16 29
166 141
167 122
72 167
106 170
54 170
123 156
184 128
52 12
199 112
172 154
158 136
57 70
0 73
62 126
198 45
164 197
194 159
13 10
146 37
188 181
56 19
96 55
168 75
124 51
144 45
112 139
40 14
179 194
77 25
193 86
117 113
174 32
91 193
183 155
126 151
166 101
172 189
104 142
151 162
28 116
119 47
46 172
115 161
75 146
185 3
136 114
2 55
159 84
136 8
121 32
189 170
94 104
161 79
149 194
143 46
81 128
31 83
21 138
154 52
40 169
65 164
178 128
99 5
138 67
119 170
159 146
91 55
88 38
59 194
143 17
55 14
82 5
43 29
83 128
25 168
55 113
44 40
43 32
100 93
152 138
162 0
86 90
47 136
5 78
177 150
99 6
148 61
161 178
43 63
86 111
126 44
65 70
45 65
72 46
132 152
199 126
157 155
139 44
198 175
10 70
86 197
156 179
13 57
85 140
178 177
165 179
72 175
164 99
146 131
66 128
19 81
109 175
43 90
12 4
80 199
65 24
80 25
19 22
42 40
89 169
26 138
67 162
88 48
46 148
93 49
109 99
172 92
11 45
157 75
39 159
162 96
9 146
67 179
146 157
56 139
2 177
124 143
139 26
7 179
173 32
56 167
153 148
85 126
25 16
60 136
33 85
11 43
166 132
86 150
38 140
153 132
140 54
68 73
117 31
159 19
109 83
22 119
94 152
76 159
31 175
133 43
46 48
116 146
4 88
45 62
132 136
149 97
123 179
32 129
29 161
165 28
48 155
29 104
2 26
139 157
176 40
117 9
99 135
181 20
93 6
106 175
73 13
71 194
160 56
110 88
132 164
39 151
108 70
142 102
55 89
76 162
27 152
28 121
81 55
29 52
183 149
194 19
172 35
185 24
6 179
133 78
37 162
100 78
43 188
94 146
59 84
100 193
14 159
128 78
46 68
33 177
124 44
191 152
139 107
113 116
97 165
159 45
189 84
87 145
79 160
123 177
106 163
169 126
171 30
151 114
60 93
91 19
194 35
44 87
2 116
106 86
113 136
146 3
139 84
122 181
7 93
180 177
120 172
106 160
83 108
185 11
132 89
12 184
126 129
104 150
139 48
87 7
12 55
113 87
151 164
170 192
112 70
162 174
57 181
149 83
83 62
82 4
111 139
151 64
119 90
68 89
52 72
80 160
158 165
160 85
93 5
151 41
52 183
197 28
73 189
84 99
19 124
43 42
68 161
112 197
162 81
142 168
171 53
3 194
117 74
165 4
59 163
97 45
179 18
13 130
193 33
188 99
197 26
73 4
0 170
55 124
108 155
19 183
143 196
112 89
29 79
133 32
120 185
126 41
2 105
2 188
165 36
28 139
95 194
43 124
82 23
12 195
12 50
124 138
15 181
158 175
19 99
142 144
50 160
149 141
78 136
117 14
103 79
135 197
163 176
62 138
119 11
35 40
65 79
100 155
44 37
175 135
49 171
79 88
109 140
23 19
80 37
99 0
121 163
117 49
118 119
152 76
35 160
185 186
99 166
148 59
45 4
177 153
2 165
52 144
74 123
126 49
107 170
43 184
144 128
141 165
184 167
29 112
45 189
121 81
65 181
84 45
55 143
65 188
181 133
171 150
67 75
90 78
76 194
118 199
26 148
190 54
119 114
91 121
199 78
181 152
55 122
61 121
141 197
178 45
51 104
143 174
166 47
81 149
155 193
71 146
94 132
88 20
25 195
102 65
133 152
138 179
177 49
10 199
196 171
147 93
134 155
83 78
67 177
152 180
20 146
121 97
124 149
26 159
167 46
126 143
12 29
116 101
126 188
163 71
189 179
45 26
159 46
142 28
161 67
177 124
97 19
167 65
152 47
155 63
58 148
110 13
140 48
175 196
124 47
33 187
95 136
35 165
149 158
130 159
124 113
117 174
124 102
12 145
40 144
162 68
56 132
49 121
178 138
75 4
41 190
118 75
182 132
32 113
39 175
179 113
194 106
36 117
124 196
175 43
84 26
0 121
144 163
160 143
35 89
149 59
133 73
69 93
65 127
104 89
52 118
122 121
172 108
146 170
126 196
99 49
191 149
168 99
155 148
23 139
135 139
172 168
50 37
115 79
33 31
11 75
161 148
140 91
83 100
31 126
13 114
30 151
161 185
42 104
160 33
19 51
72 161
83 131
127 70
2 169
83 85
45 161
59 197
94 116
142 85
78 29
107 194
199 139
11 160
83 43
84 168
82 149
71 83
164 166
20 46
178 119
181 187
89 15
163 73
112 177
112 119
114 104
32 138
40 179
104 45
124 151
62 185
60 132
49 197
33 138
180 121
175 88
181 43
58 170
132 1
61 86
166 29
151 111
136 160
70 28
113 170
9 45
147 104
97 78
46 83
96 119
81 43
43 22
89 23
79 168
92 149
62 170
38 162
73 18
32 188
29 158
174 82
97 29
153 155
119 40
7 142
139 129
162 32
189 151
136 85
33 198
199 77
32 80
56 32
88 151
156 197
33 184
129 121
57 82
62 43
25 12
167 177
22 78
87 108
113 163
34 55
33 114
107 65
46 13
46 31
70 141
113 83
102 148
46 87
151 116
36 148
179 155
76 45
85 55
94 70
160 34
35 65
29 172
32 85
63 181
76 128
145 151
170 145
124 125
37 125
89 166
155 1
150 119
151 155
63 52
13 153
179 50
102 161
49 138
160 6
158 142
139 183
139 165
161 156
181 58
190 175
10 86
124 106
105 132
178 126
142 194
15 37
99 28
151 187
38 151
87 151
163 132
83 57
143 155
158 146
97 167
138 14
150 197
113 142
21 140
167 23
108 171
25 15
167 87
108 12
190 80
194 44
29 113
173 104
84 29
107 78
21 149
61 190
46 190
161 18
26 55
57 79
121 57
175 19
151 48
78 144
45 130
106 2
152 104
151 148
160 32
136 145
78 11
155 84
125 88
152 21
60 79
88 62
47 193
82 1
74 161
141 177
46 150
45 38
109 185
31 199
132 176
194 68
75 31
138 196
56 190
151 118
118 159
153 65
119 102
57 40
169 181
2 122
172 85
67 143
55 102
134 104
88 93
37 82
27 177
181 60
127 171
148 105
21 33
40 103
88 66
123 34
99 25
161 23
54 119
122 199
82 58
55 158
117 94
185 118
93 170
98 37
145 93
73 61
171 17
199 54
104 70
134 165
100 172
82 15
148 104
142 54
20 93
163 21
82 127
11 99
19 145
77 83
19 20
162 6
176 143
88 131
152 16
37 87
55 195
12 80
86 59
153 193
52 70
8 79
106 126
166 168
78 44
194 46
52 173
4 84
74 33
135 170
52 172
7 70
193 174
53 139
36 93
179 21
159 11
0 163
132 173
165 140
82 135
40 102
199 141
51 33
168 170
85 19
163 22
84 74
135 93
111 83
46 138
65 152
56 70
77 37
174 132
142 151
16 99
46 6
199 144
80 139
75 133
57 89
19 115
113 166