70 16
40 33 31 38 40 27 21 32 35 35 29 33 39 27 21 32 32 37 35 27 22 22 20 30 28 26 24 34 34 40 31 39 35 31 23 36 20 29 39 30 32 35 22 32 20 37 32 31 32 38 27 27 23 22 22 38 26 38 20 21 26 21 27 38 37 21 29 34 22 29
44 25 26 23 35 25 32 24 38 30 36 43 23 45 50 41
156
57 29
36 14
49 36
36 56
36 64
36 68
36 17
29 69
2 21
25 29
29 24
59 36
36 42
36 69
36 60
36 61
42 29
38 36
21 68
29 36
21 25
21 36
15 36
30 29
36 58
16 29
21 17
29 70
29 63
21 41
43 29
47 29
61 29
39 36
36 70
51 29
21 29
31 36
21 64
29 48
32 29
29 10
21 56
29 22
23 36
21 42
34 29
3 21
36 16
29 31
36 12
55 21
21 44
36 57
5 21
25 36
67 29
19 29
21 60
29 8
14 29
39 29
21 29
36 37
36 55
21 36
59 21
10 36
54 36
36 43
21 47
66 36
29 56
36 63
36 51
36 47
36 45
40 36
65 21
13 36
29 59
29 54
29 45
50 29
21 54
52 36
65 36
29 27
36 6
35 21
67 21
29 53
7 21
29 58
3 36
45 21
9 29
21 8
46 36
2 36
17 29
41 36
29 40
61 21
20 29
29 55
63 21
36 28
24 21
36 7
53 36
33 36
36 50
20 36
29 35
52 21
29 52
21 70
29 64
58 21
44 36
29 11
36 29
49 21
21 4
51 21
18 36
49 29
29 26
21 46
1 29
22 36
36 19
36 34
48 36
21 32
21 39
67 36
29 4
36 11
21 66
29 5
29 18
29 13
33 29
36 30
21 27
62 36
6 29
29 23
32 36
21 26
1 21
20 21
3 29
21 18