60 12
37 29 23 39 38 30 24 32 28 34 21 32 34 32 34 20 31 35 26 28 34 24 31 32 28 27 22 22 20 31 23 30 38 22 32 24 36 27 37 22 35 20 25 35 34 36 20 27 24 23 20 27 38 38 38 21 40 26 31 30
21 35 29 34 47 20 24 39 22 29 46 49
617
13 42
56 57
12 58
41 36
18 41
41 8
18 8
28 42
39 20
22 56
31 59
8 43
57 29
52 39
41 30
41 45
1 8
18 12
30 39
58 21
30 56
60 23
59 51
39 31
16 51
22 26
56 38
52 31
56 17
18 13
18 46
60 43
5 51
40 58
51 60
2 22
39 51
38 52
15 41
12 31
17 8
12 39
29 58
32 56
52 2
43 41
20 42
8 3
31 4
26 8
22 31
51 56
52 21
5 60
57 48
22 60
58 36
52 35
11 52
49 42
18 39
57 22
14 41
60 20
41 16
58 48
49 18
39 8
56 54
42 55
53 60
60 10
14 57
51 18
39 22
31 1
31 19
44 31
22 7
43 56
51 48
35 39
18 5
1 22
42 23
22 45
16 39
56 36
3 41
31 16
25 51
3 39
41 52
36 57
19 56
60 41
51 41
58 8
60 42
42 11
27 56
38 22
22 8
18 19
2 41
14 18
22 41
14 56
39 15
42 60
32 39
51 28
50 39
51 55
58 41
55 8
29 31
39 49
31 22
2 8
58 53
31 7
56 49
60 21
1 60
3 57
16 60
29 52
42 50
39 5
58 11
18 30
31 24
58 25
60 30
58 9
31 45
56 51
57 28
35 56
17 18
8 28
33 18
18 4
31 13
8 56
42 3
18 48
51 45
42 16
8 56
51 31
58 4
37 18
58 31
39 8
31 35
27 51
16 56
4 51
56 47
51 7
60 15
27 52
58 60
8 45
57 41
52 40
47 22
41 40
57 60
51 21
51 20
18 38
14 42
37 51
60 12
39 42
30 31
42 47
42 32
20 56
58 50
26 60
15 31
6 42
11 51
20 41
50 8
18 44
41 29
39 60
32 58
4 42
50 52
57 20
10 57
58 16
38 57
42 57
31 27
33 51
18 50
56 15
56 11
23 22
58 2
27 42
5 42
56 52
39 18
34 60
8 7
48 39
7 18
51 58
51 58
7 56
3 18
37 8
27 22
39 24
33 22
40 51
17 31
58 27
30 52
7 42
8 53
41 60
52 25
11 60
57 44
11 8
1 42
56 21
21 31
58 14
22 3
36 60
39 46
57 25
10 51
7 52
42 26
58 3
58 13
58 46
51 50
52 3
19 60
25 42
33 42
41 49
31 11
34 42
58 19
54 42
50 57
60 29
22 49
8 20
52 6
49 31
57 11
52 55
12 41
51 54
41 54
31 14
22 51
8 58
60 4
17 57
31 34
8 49
41 24
52 4
10 8
8 46
15 8
42 41
52 54
17 39
18 25
22 24
8 25
58 39
4 56
18 55
51 6
41 47
30 22
36 18
22 6
18 47
21 18
55 60
31 56
17 42
58 33
56 60
48 8
28 58
52 58
52 37
51 32
31 55
5 52
30 8
8 31
42 8
60 28
26 31
37 41
41 46
58 47
56 50
41 7
42 24
46 51
31 36
52 36
31 42
57 42
41 22
5 41
8 38
22 39
8 42
39 43
51 26
23 31
56 58
33 41
10 52
24 56
22 13
60 17
18 1
58 55
23 56
18 52
52 34
19 22
47 39
44 22
57 51
51 44
19 42
14 39
18 59
45 58
7 60
23 52
39 2
34 8
12 56
39 6
57 49
8 13
57 37
48 31
5 8
29 22
2 31
60 52
48 22
22 25
56 22
47 57
60 2
42 51
60 13
8 24
60 37
15 52
15 57
8 32
57 45
54 8
36 22
31 41
31 47
52 16
4 39
15 18
22 51
57 6
39 60
60 9
40 56
42 51
10 56
23 41
6 56
22 34
56 31
40 57
57 31
33 52
40 60
57 32
22 37
24 18
8 31
28 39
8 29
10 41
35 22
57 8
37 31
51 34
11 39
58 22
44 8
42 52
27 41
37 39
5 31
17 22
14 22
31 18
16 8
57 26
22 15
28 56
18 51
18 41
3 56
41 35
18 34
52 44
17 41
55 22
28 41
60 22
12 22
8 57
9 52
31 39
58 1
46 57
41 58
20 31
56 46
53 52
34 57
19 39
58 10
43 57
29 56
52 26
41 50
6 58
60 33
41 21
24 52
31 10
57 60
58 5
38 39
8 18
57 56
12 57
44 41
51 29
39 21
37 58
35 51
60 8
29 18
22 50
31 41
60 14
57 30
52 45
51 36
10 39
38 41
41 11
51 38
39 44
2 42
52 1
52 48
6 18
58 42
60 45
21 22
30 42
27 60
57 39
27 8
39 51
51 53
54 31
25 60
49 52
60 24
45 39
35 8
22 4
13 57
58 57
21 8
2 56
59 60
8 41
18 56
33 39
5 22
42 10
35 60
33 56
43 51
56 48
51 1
42 12
46 31
56 44
18 45
31 28
60 38
39 36
57 54
24 51
41 6
2 51
60 46
41 42
42 56
51 30
60 54
60 44
8 60
51 15
15 58
58 44
8 6
51 17
13 52
57 58
46 22
60 18
52 57
42 18
22 8
51 49
27 18
18 2
51 60
58 18
7 39
22 52
60 18
42 56
42 22
57 24
17 52
18 35
51 41
33 31
54 39
8 40
60 56
38 58
39 23
4 41
57 23
48 60
7 58
42 35
39 29
56 5
60 49
37 56
48 41
41 32
25 31
20 58
52 20
45 56
54 58
16 57
51 57
52 32
58 26
4 8
19 57
18 57
38 31
19 41
8 36
3 51
52 43
52 46
8 9
51 23
52 28
35 57
56 18
1 57
57 41
21 57
51 31
51 13
51 9
31 18
23 8
47 60
43 22
8 33
58 34
58 60
57 55
39 27