30
26 25 30 31 35 32 38 32 39 27 22 25 28 38 24 28 27 39 23 34 35 28 22 36 33 30 24 38 20 35
6
22 38 46 22 43 43
248
23 27
9 29
19 21
5 10
27 26
23 3
1 10
18 13
3 15
20 21
10 27
25 27
27 6
18 30
5 25
12 3
19 18
27 9
18 29
27 3
18 3
30 25
1 29
29 10
27 13
15 16
15 7
15 1
10 27
3 16
29 15
17 10
1 21
16 25
15 8
25 9
18 8
27 7
21 9
4 18
10 29
26 3
5 14
25 27
18 25
3 9
22 21
16 15
23 15
29 23
20 18
1 15
5 1
18 3
27 29
3 14
26 18
4 5
15 30
27 14
29 25
15 10
30 10
21 10
29 21
5 24
18 16
1 25
29 16
10 4
16 18
3 21
23 25
23 10
27 28
25 4
29 15
3 21
18 27
5 25
1 9
7 1
8 10
3 25
10 14
15 10
15 25
1 8
28 18
24 3
6 10
25 12
13 15
3 10
21 1
10 5
10 2
18 1
23 5
27 18
1 20
6 3
18 2
21 17
1 28
5 9
6 29
5 29
15 24
5 6
5 27
29 3
16 5
18 21
16 6
1 25
15 12
18 29
5 18
16 30
4 16
8 16
16 27
15 18
30 27
21 12
21 28
3 7
3 30
1 3
15 21
25 21
1 29
18 10
6 1
19 10
1 19
4 29
25 10
3 5
21 18
20 3
3 29
21 29
7 10
5 8
29 30
2 16
12 18
1 3
20 5
18 1
2 3
21 13
10 18
5 27
25 21
10 9
24 21
14 25
1 5
1 11
8 21
10 20
21 16
3 10
8 3
28 10
1 4
3 25
20 27
16 20
5 13
24 16
21 10
13 10
2 27
3 15
27 29
17 18
26 10
24 25
16 7
14 21
7 18
21 7
1 27
15 25
16 3
3 13
5 7
15 21
10 1
9 15
18 25
5 16
27 24
27 3
16 9
10 24
1 14
5 15
6 18
14 16
27 8
25 10
5 12
23 21
24 18
25 7
15 20
2 21
12 16
21 6
1 30
21 4
27 21
15 14
14 18
1 16
27 21
5 18
12 10
24 1
16 21
16 13
15 18
1 13
29 8
25 16
16 27
25 29
16 1
28 16
27 12
5 29
29 16
26 21
15 5
27 4
5 3
22 1
16 23
1 23
26 1
26 16
13 25
27 1