40 8
36 39 36 35 34 38 29 27 33 25 39 29 40 22 28 38 20 37 32 37 36 21 20 25 24 31 29 21 36 26 22 39 39 25 36 30 28 24 31 39
45 49 49 32 29 30 39 30
364
19 16
31 36
34 13
39 34
11 1
34 15
4 1
21 28
34 4
20 31
16 40
25 17
21 25
28 24
33 28
28 10
21 2
28 38
1 34
16 31
17 11
16 24
32 24
35 16
21 11
23 40
1 9
1 38
2 28
3 32
16 17
5 16
17 6
27 21
27 30
30 9
28 39
16 17
1 29
6 9
34 31
23 32
31 12
9 17
26 9
9 15
32 6
27 20
16 31
40 39
17 30
32 39
32 22
7 32
40 9
34 14
17 1
30 34
1 31
16 24
39 16
36 9
27 35
27 1
34 37
40 1
37 31
40 16
39 9
34 26
4 16
14 21
40 1
3 31
28 35
37 21
27 36
16 27
22 24
3 27
31 23
11 31
37 17
34 23
36 16
27 34
27 31
21 16
36 17
16 12
31 30
10 27
12 28
40 22
2 24
17 8
2 27
13 17
1 16
13 28
4 24
17 26
27 26
15 27
34 24
4 21
28 26
35 24
27 34
38 16
35 32
19 21
11 34
31 8
20 28
37 32
14 32
27 14
17 9
38 17
34 22
18 1
2 16
28 34
1 6
28 36
6 28
28 5
25 27
1 19
17 10
17 2
34 3
13 31
9 1
35 9
26 24
40 34
28 14
21 5
34 9
35 21
20 9
1 28
40 38
9 16
17 21
27 6
21 16
28 25
29 24
1 34
8 32
14 1
34 16
24 31
28 4
17 33
21 7
37 9
16 11
28 16
32 38
21 26
17 7
18 24
32 13
27 23
40 21
40 2
22 1
40 10
32 16
9 3
38 34
28 1
13 21
24 36
17 35
32 30
1 31
34 31
3 40
31 22
28 3
28 9
27 9
40 6
36 1
33 34
34 32
31 17
27 5
32 36
25 16
3 17
9 8
32 17
25 24
11 9
21 32
14 40
21 12
40 31
15 40
27 28
16 7
32 5
13 27
24 13
32 9
24 6
24 9
40 20
40 37
40 21
16 9
19 31
16 1
6 31
34 17
37 27
21 34
39 17
27 21
24 37
17 20
31 15
37 28
36 40
24 40
27 1
12 17
5 34
40 13
9 7
1 37
40 30
32 1
38 21
31 2
40 34
17 27
7 34
8 21
15 17
8 27
10 32
4 27
22 16
9 40
28 19
20 16
28 7
27 29
32 20
9 13
3 16
17 24
24 34
28 34
32 4
1 2
15 24
1 23
14 16
20 28
27 7
6 21
38 27
17 14
39 31
31 40
24 33
24 11
17 40
22 27
9 12
24 27
27 20
4 40
1 13
35 31
16 34
27 28
24 7
17 31
20 31
12 34
5 24
24 23
21 34
10 16
1 35
32 1
32 28
31 27
34 6
19 17
1 12
40 8
11 28
21 31
24 9
34 9
13 16
23 9
12 24
26 40
24 19
24 40
28 31
9 27
32 31
24 31
19 9
24 8
33 1
10 34
29 17
4 17
28 8
28 15
7 40
33 31
31 7
16 27
21 9
24 14
34 8
7 1
21 9
21 23
30 28
26 1
1 17
21 15
16 23
34 20
36 34
34 19
1 8
22 21
35 40
26 32
40 25
40 5
10 31
32 15
27 17
31 32
24 38
33 16
21 31
5 17
1 25
31 26
27 39
27 24
28 40
5 1
1 15
16 30
21 36