70
26 37 37 20 20 23 37 32 34 39 38 21 35 27 34 40 27 23 35 25 38 24 20 28 35 34 40 38 20 36 32 33 38 26 29 30 31 30 30 24 34 29 37 40 21 33 29 37 34 34 23 26 34 34 21 28 28 37 34 20 33 29 33 21 39 22 26 23 27 32
16
40 29 25 29 30 39 34 28 29 49 37 24 50 31 32 30
1454
42 58
8 42
67 69
69 8
34 24
47 60
64 40
13 45
33 35
40 20
32 62
29 30
14 28
19 38
42 19
59 1
35 64
26 11
30 51
34 30
30 47
19 33
49 43
60 33
36 23
69 19
23 67
48 67
5 11
64 42
12 68
11 12
64 28
43 32
31 6
43 22
55 40
52 19
10 33
56 31
24 9
68 46
35 53
47 26
11 19
38 32
58 43
41 53
22 13
42 41
69 46
65 41
4 69
60 66
64 12
39 47
66 53
36 68
47 68
56 6
50 15
23 49
31 55
69 39
22 41
32 19
43 40
49 34
23 19
31 17
48 45
41 50
23 21
14 26
32 33
13 54
40 68
45 23
48 41
25 13
41 5
37 29
35 59
50 37
33 52
22 51
59 31
40 6
57 14
47 17
61 32
24 45
60 12
18 35
2 59
61 67
0 11
20 43
13 51
22 62
60 40
67 46
13 38
49 67
65 22
16 25
69 11
54 7
40 66
43 34
37 24
13 36
62 42
32 63
23 26
60 1
3 6
47 41
54 56
13 47
19 68
48 6
69 25
45 53
7 67
22 59
2 10
11 3
0 31
47 23
19 2
41 0
66 64
43 60
2 7
52 13
11 31
15 1
60 64
11 56
33 29
52 40
31 22
16 34
44 40
32 10
35 42
37 61
53 15
52 64
31 44
25 43
54 23
17 22
15 39
33 24
67 34
39 45
23 14
5 18
29 14
54 37
5 54
37 28
6 69
15 59
23 17
19 57
25 17
4 25
29 56
13 33
62 41
33 12
67 18
7 11
29 47
55 24
53 18
27 40
42 43
19 25
69 57
32 15
56 37
60 20
61 53
40 59
64 20
9 2
35 22
51 56
17 11
23 13
64 25
19 30
14 19
56 7
5 22
59 5
17 64
49 37
8 67
4 64
45 6
27 15
60 36
41 58
1 18
61 59
40 48
39 22
10 22
3 15
68 23
30 63
61 47
26 24
59 51
60 18
25 5
41 27
64 37
13 48
13 34
50 40
66 69
3 37
56 8
36 14
32 37
14 52
30 28
18 26
10 69
30 15
67 21
1 37
60 9
4 32
42 16
62 25
41 4
31 24
21 18
25 36
25 56
68 66
23 16
27 11
67 28
58 30
31 52
38 25
1 45
5 53
24 43
50 23
63 53
9 31
40 0
63 47
60 8
21 60
11 59
28 31
52 69
39 24
60 22
60 17
27 31
59 41
67 36
14 48
35 13
35 32
69 34
11 63
46 53
15 6
30 35
62 68
45 64
38 41
69 40
17 59
42 14
6 23
15 64
33 3
55 2
48 24
24 58
11 52
48 64
33 30
60 48
50 45
30 26
37 57
61 60
38 31
35 47
15 43
63 19
32 44
11 28
53 68
22 8
7 42
2 14
6 63
23 24
42 1
53 4
19 0
44 14
29 53
51 69
4 54
63 45
46 56
31 41
22 57
25 48
27 42
55 11
53 34
8 6
22 14
34 6
45 57
15 11
67 37
29 2
41 44
2 32
33 53
3 14
13 37
14 24
24 30
53 26
47 34
59 56
53 19
51 24
51 31
53 1
64 58
24 20
11 45
28 19
6 10
40 56
42 0
59 25
2 24
12 59
19 56
64 9
65 53
4 56
63 60
54 20
40 5
14 66
48 32
56 67
19 10
20 41
16 45
30 5
40 38
62 67
2 56
61 11
8 53
54 64
33 1
59 65
24 10
43 3
54 38
30 9
13 61
34 64
51 32
45 65
32 25
25 1
9 11
46 42
44 59
9 59
11 68
48 54
2 12
41 18
60 52
24 42
33 59
30 60
41 61
47 24
58 14
25 10
24 64
68 51
31 33
33 38
64 26
32 11
69 42
22 9
28 69
18 55
2 13
6 46
3 56
18 48
59 26
29 15
51 40
11 53
37 10
64 63
54 40
39 6
10 47
23 28
33 28
28 43
5 42
7 33
18 30
60 32
29 11
67 53
51 41
58 33
4 33
30 44
34 32
11 22
59 18
31 12
53 7
43 44
18 13
42 34
30 68
47 45
37 16
58 25
14 59
43 48
4 15
43 17
7 64
25 12
39 13
0 54
23 3
36 40
69 44
11 38
63 25
58 11
22 67
33 14
30 62
18 11
57 53
25 26
45 10
4 43
46 45
49 54
46 41
64 1
59 27
21 47
18 27
27 33
42 4
9 14
67 3
64 2
19 44
56 62
18 25
47 38
47 69
14 65
54 28
24 62
7 32
60 28
16 24
35 67
39 41
28 68
43 13
63 54
23 66
2 16
20 45
9 13
48 11
53 12
19 3
33 8
29 45
32 49
2 53
68 6
32 59
58 53
65 68
0 45
41 67
50 69
33 55
50 53
41 16
53 24
6 49
11 40
22 1
33 23
69 2
18 8
23 35
65 37
3 13
59 66
31 4
62 69
6 60
30 27
19 55
55 54
64 0
68 29
14 35
58 54
22 52
36 31
16 67
19 50
37 52
23 37
55 53
21 42
29 32
25 34
67 63
37 4
14 25
24 49
6 43
15 31
45 61
47 4
68 48
2 46
30 54
46 33
59 6
32 47
63 33
64 19
19 67
35 6
3 45
15 55
30 2
56 49
36 11
20 15
68 24
18 36
48 23
65 24
13 66
15 10
30 65
23 4
10 60
22 25
45 7
43 29
64 16
14 61
24 36
33 39
44 13
17 54
43 16
37 63
13 41
42 23
31 61
11 62
23 65
11 14
24 6
16 31
14 30
15 58
41 23
63 23
20 53
45 37
45 43
37 46
47 49
47 43
37 5
41 1
66 45
18 15
14 7
54 27
26 32
2 5
23 8
53 21
11 20
19 5
26 13
10 54
69 21
64 41
53 54
60 34
40 32
31 65
42 52
67 58
4 30
32 58
0 30
9 43
34 62
8 45
0 25
35 40
6 27
68 59
50 59
39 25
15 42
10 67
22 26
67 68
64 18
64 11
33 5
24 46
68 60
58 18
51 15
19 1
45 42
57 59
69 43
49 18
22 61
40 46
33 34
9 33
67 60
18 7
23 52
68 52
24 44
32 6
60 29
18 51
37 17
24 54
54 18
31 48
64 57
3 59
45 25
42 31
28 6
56 65
19 6
28 15
42 26
32 31
40 13
10 42
24 17
45 21
56 15
6 52
34 11
6 16
47 52
64 27
34 40
1 31
2 1
18 23
6 41
16 22
30 1
6 37
60 50
58 23
64 56
54 68
30 50
42 9
61 6
16 33
26 60
28 25
30 53
15 57
69 60
49 25
3 60
8 14
5 47
9 32
41 30
3 41
17 33
53 25
32 39
8 25
23 53
22 33
36 42
56 35
21 43
31 8
25 24
18 47
37 59
56 53
4 13
33 49
9 56
29 41
23 22
50 18
48 19
31 23
39 68
12 30
33 40
49 11
4 68
25 68
21 56
18 19
29 23
53 14
64 55
21 13
59 38
14 38
0 2
26 67
2 36
20 47
49 45
18 38
62 18
53 62
3 42
31 30
24 50
62 23
2 35
64 32
57 43
1 43
45 56
3 53
7 43
22 64
9 40
69 65
42 12
18 65
51 37
22 55
9 68
10 40
62 64
41 28
2 41
66 31
66 19
57 40
61 25
18 10
66 15
48 69
47 59
22 21
21 32
41 12
30 59
41 52
38 69
11 41
18 32
53 32
21 54
27 45
12 45
26 6
30 21
8 11
2 23
30 11
43 41
49 13
17 30
67 52
14 67
29 42
2 34
20 6
65 40
56 18
58 2
67 1
57 31
27 47
47 40
59 63
54 32
24 69
42 49
19 40
18 52
0 53
14 45
9 69
22 30
33 48
61 15
40 2
67 45
64 51
34 22
63 69
53 60
41 40
24 35
53 27
42 48
19 16
40 37
69 49
33 21
47 19
46 18
22 47
54 59
35 11
24 32
60 41
13 28
16 60
46 54
13 29
14 60
48 56
56 36
55 23
58 40
64 59
68 2
37 58
40 25
15 45
41 66
34 23
48 22
44 18
0 37
34 31
55 41
39 67
19 20
54 61
21 64
1 23
15 60
31 25
38 42
44 45
54 12
59 69
41 14
33 15
8 59
14 62
48 47
40 42
18 68
14 64
19 31
43 8
43 62
59 29
12 19
14 31
26 31
43 27
43 36
64 31
51 23
28 56
18 14
30 67
60 4
61 33
53 6
19 17
44 15
2 8
67 29
46 60
32 57
47 31
48 15
45 30
39 54
17 42
59 34
68 61
47 16
7 47
2 37
60 0
68 10
47 46
13 19
17 15
60 54
32 12
69 35
46 11
19 65
51 14
23 69
27 19
18 20
17 41
18 31
14 43
41 24
5 23
61 56
16 30
0 59
67 12
64 13
7 25
30 20
36 30
37 39
55 25
66 43
11 13
62 37
57 18
45 19
60 2
59 21
37 12
22 56
68 57
24 66
16 11
2 45
35 31
14 6
16 53
20 2
60 37
47 56
31 10
2 38
2 39
45 17
6 1
34 45
43 12
7 68
6 30
36 47
25 3
45 68
41 56
31 46
47 12
9 47
9 67
22 32
2 28
19 51
39 11
30 40
39 31
40 1
69 29
66 37
55 45
0 33
10 56
69 7
51 43
3 69
23 40
25 20
58 69
52 45
62 19
67 4
29 19
35 25
54 45
42 32
22 37
7 22
18 42
45 51
20 67
15 67
34 38
20 59
53 40
30 69
43 67
31 43
2 61
11 60
22 45
9 23
36 53
49 30
4 59
38 67
39 60
62 54
18 34
69 45
2 49
14 63
3 64
2 62
3 47
68 22
17 67
53 37
24 59
22 20
24 52
37 42
5 15
18 16
54 52
46 22
3 31
49 64
61 42
13 15
10 41
24 56
37 55
42 13
59 62
43 68
7 6
8 24
13 30
15 14
23 57
65 32
7 40
33 26
29 31
49 40
60 19
40 67
54 41
24 19
56 30
15 40
44 56
26 45
26 54
49 41
21 24
15 54
60 23
5 24
53 39
64 44
42 55
44 23
33 18
45 32
45 36
58 19
51 53
47 8
68 42
6 21
61 24
25 46
18 43
53 9
18 2
15 46
32 52
18 61
18 37
14 21
27 23
47 62
13 59
43 56
25 15
23 59
63 68
15 47
63 56
14 39
23 32
22 2
62 6
17 2
54 22
68 26
63 13
19 54
6 17
18 39
2 52
64 6
33 20
66 30
68 15
48 37
65 64
43 11
13 24
27 67
63 43
30 32
52 30
59 55
7 60
5 67
57 30
45 33
54 16
6 58
24 67
22 27
56 23
13 65
19 39
24 11
61 69
68 49
48 30
16 40
57 56
53 64
11 10
21 25
14 49
54 14
15 24
2 48
13 8
13 10
32 67
8 30
47 14
66 18
58 68
2 4
38 53
60 24
12 34
46 32
0 43
52 15
34 56
24 27
50 56
42 63
31 37
67 59
43 55
68 34
55 30
60 44
68 38
18 6
0 23
26 43
36 33
6 9
31 69
20 23
42 28
8 40
55 6
49 22
66 22
38 6
23 12
6 4
9 54
18 69
65 60
60 27
22 58
69 64
22 19
28 59
14 46
68 31
25 52
29 6
47 64
55 67
38 15
63 31
60 5
22 0
7 31
65 15
69 12
45 4
36 69
39 42
31 54
26 40
2 63
21 68
32 3
15 22
12 6
53 28
68 3
7 59
3 30
38 22
60 49
26 2
44 68
50 13
24 0
18 45
36 6
69 22
3 2
46 59
2 43
38 60
64 67
42 20
25 60
11 21
44 22
40 21
53 10
13 62
15 63
22 6
59 60
56 52
15 49
39 59
25 23
13 12
36 32
13 67
31 20
69 53
44 37
0 6
42 59
8 64
17 53
64 5
45 40
35 54
26 69
47 0
59 45
31 5
18 17
15 69
7 24
14 12
33 68
69 37
31 13
11 4
59 19
23 15
28 45
61 40
15 16
23 7
7 30
50 68
41 57
5 6
39 56
58 13
41 32
31 49
69 54
64 68
2 27
43 53
30 37
64 29
33 69
39 40
14 37
25 41
32 66
51 60
53 47
19 49
31 2
50 64
38 45
59 36
10 14
24 1
24 57
35 45
64 36
62 33
5 43
19 43
13 46
42 56
67 0
60 13
14 34
57 13
18 9
13 53
54 8
47 37
14 50
12 56
60 56
41 68
62 15
33 64
22 42
44 53
9 25
41 63
5 45
37 27
56 66
25 29
61 19
7 13
32 28
25 27
10 59
37 68
21 31
56 33
24 38
45 9
54 43
68 8
31 53
1 47
12 15
11 1
35 43
42 60
37 11
56 38
15 2
30 25
31 40
4 14
16 59
21 2
35 60
60 57
43 59
43 65
52 43
37 38
17 40
60 55
47 55
54 36
50 43
37 33
32 50
19 46
40 14
31 67
6 13
47 28
18 0
37 43
4 19
29 54
33 43
32 8
53 42
11 23
0 15
35 68
58 56
1 54
58 59
20 37
33 41
56 26
30 42
47 58
22 53
37 25
31 50
54 3
22 36
22 50
69 41
40 62
45 41
34 54