20
37 37 40 37 20 31 24 23 39 35 20 37 28 30 34 36 26 32 33 25
4
33 47 36 25
129
1 7
11 14
18 3
17 20
3 1
11 6
7 11
13 6
20 6
6 18
20 14
13 11
12 8
20 14
14 1
7 13
18 10
2 7
20 4
10 14
13 8
13 11
9 1
8 11
2 6
14 8
14 18
8 18
7 4
17 18
11 9
20 11
17 1
8 5
7 3
17 18
7 14
6 17
5 14
17 16
8 7
18 4
11 20
20 16
6 19
5 1
12 1
1 15
17 20
17 8
8 4
20 18
19 8
1 17
18 6
20 13
14 19
17 6
18 13
18 20
11 4
1 11
13 8
11 2
10 7
16 1
4 17
11 5
5 20
14 17
6 13
7 6
5 18
19 1
5 6
11 8
19 11
15 11
11 18
20 6
6 14
13 17
6 7
14 6
19 7
11 17
14 8
4 1
17 8
13 1
11 10
16 8
2 8
3 11
11 17
6 16
5 7
4 6
3 14
1 20
19 17
16 14
6 11
12 11
7 8
20 8
17 3
18 14
11 16
11 18
15 8
7 20
14 11
17 14
18 1
18 1
3 8
7 17
11 7
1 7
6 3
1 20
11 1
14 1
10 17
2 1
15 14
20 10
15 6