70
26 23 20 26 37 26 28 37 36 40 24 30 37 39 23 29 34 23 34 35 21 36 31 24 40 24 32 24 24 35 40 33 37 34 20 29 29 21 38 37 28 34 38 21 40 29 33 37 29 31 36 31 24 25 22 34 28 27 29 36 35 40 27 24 40 26 26 33 22 24
16
35 38 32 50 23 33 41 46 44 21 32 29 49 29 47 38
1962
34 14
30 1
17 38
63 35
35 27
17 22
69 32
47 66
54 41
53 30
4 30
14 9
1 22
54 8
63 32
60 43
41 3
18 32
39 7
8 55
66 40
69 14
63 41
4 22
17 16
19 65
50 27
33 11
39 51
69 9
56 54
53 43
57 8
16 8
59 46
25 53
41 47
60 59
18 38
63 22
47 29
39 35
46 11
49 55
57 43
62 69
7 16
45 3
14 25
1 29
60 8
3 68
32 20
53 1
1 49
69 57
15 1
4 45
18 36
68 10
2 52
51 1
36 53
22 49
10 51
45 7
34 43
69 63
25 30
51 14
25 13
47 69
59 6
66 60
39 52
63 32
4 53
62 63
11 52
46 63
35 5
50 24
65 7
30 16
8 49
20 1
11 6
4 11
59 67
14 55
38 41
8 25
18 20
1 40
30 54
32 35
36 49
18 25
69 18
22 41
56 46
57 58
57 50
56 25
28 6
56 1
28 19
66 15
23 63
66 65
39 47
39 49
30 6
10 1
4 27
54 59
8 39
59 36
69 46
57 23
3 46
28 1
54 4
17 26
11 41
50 55
43 29
68 26
63 25
3 38
57 51
33 32
36 1
51 47
62 50
50 5
52 14
48 41
32 11
29 58
28 37
47 58
13 41
66 51
65 68
68 21
51 17
65 3
55 57
54 36
47 48
11 17
39 1
28 25
27 54
57 24
63 65
14 23
51 47
52 35
7 18
57 11
6 22
11 20
61 11
22 17
1 20
56 28
25 35
7 65
24 58
3 22
4 19
17 35
57 66
63 22
12 29
5 32
53 14
65 25
49 62
17 2
40 57
32 38
17 39
18 40
49 20
1 43
6 9
69 4
3 9
50 57
31 36
62 59
49 22
58 8
19 55
54 6
23 11
55 44
39 1
51 8
18 2
25 21
56 16
41 3
65 28
3 59
7 20
54 14
55 68
68 52
39 9
1 41
62 42
47 4
41 63
25 52
63 68
66 7
36 46
55 4
37 66
55 7
5 18
65 59
30 13
21 2
1 17
53 41
10 52
18 46
36 52
25 29
3 43
29 22
42 1
28 49
1 45
50 42
11 45
41 60
36 9
28 61
62 58
39 7
65 3
49 21
35 7
52 1
7 20
47 18
49 13
32 59
6 46
17 50
61 54
24 59
35 67
36 30
42 18
60 25
8 53
7 43
45 54
60 57
2 11
18 49
66 36
27 29
17 14
6 51
44 63
2 17
62 51
43 2
66 24
49 32
6 57
49 11
1 38
39 18
10 18
43 59
9 41
12 68
41 5
14 11
20 51
41 21
64 36
48 49
4 30
17 39
63 13
53 65
63 26
14 52
55 1
68 41
35 65
29 4
45 49
30 56
65 22
43 57
9 41
68 44
52 18
66 21
69 5
24 1
6 34
61 53
68 54
35 47
65 56
41 6
43 30
36 55
34 39
32 61
6 61
66 54
9 8
62 48
9 13
8 59
46 55
17 28
36 32
20 59
4 36
57 70
54 17
32 65
7 10
10 35
57 46
11 51
29 43
59 39
69 47
17 25
60 29
51 25
7 5
4 35
49 30
25 36
52 1
51 5
22 19
7 2
30 7
7 43
38 8
36 2
27 28
27 51
58 39
68 53
24 36
3 52
14 69
61 18
1 32
50 18
22 15
25 69
22 28
15 28
11 12
62 28
14 56
54 68
30 11
55 56
17 43
24 3
69 23
36 26
11 13
62 68
35 57
62 39
11 17
44 2
54 6
25 42
32 17
22 56
25 59
63 62
15 68
56 38
55 52
46 14
19 32
41 2
17 23
54 9
30 21
34 63
22 25
69 44
9 63
63 28
38 11
11 59
30 45
17 29
22 43
34 20
47 49
29 9
54 50
12 1
9 53
5 57
56 13
6 68
19 8
63 20
45 41
6 12
55 58
9 20
9 29
4 61
24 52
18 27
62 34
35 51
55 62
2 69
38 63
40 41
57 48
35 44
37 63
21 35
17 25
23 54
69 41
22 43
8 23
36 41
30 39
41 47
61 30
36 25
18 29
55 47
38 49
26 65
57 13
58 22
38 29
36 63
61 8
54 2
46 49
1 64
25 47
9 59
11 14
22 32
10 2
47 28
61 31
39 41
40 32
9 45
41 62
59 43
14 39
68 4
8 63
4 14
50 69
38 6
65 48
55 41
57 62
49 30
59 55
8 17
63 68
3 32
30 18
33 35
69 51
49 50
59 35
43 61
39 53
49 1
17 65
57 8
35 6
6 28
44 25
70 36
6 27
8 59
26 57
67 55
42 35
2 5
39 3
49 40
66 62
47 63
15 14
43 30
1 8
32 13
35 2
67 20
14 32
7 36
54 38
8 58
8 46
4 8
6 35
41 43
41 2
62 32
36 10
5 6
38 4
35 45
43 48
25 41
35 43
51 69
35 52
11 49
52 2
26 59
4 2
13 28
47 53
49 6
56 65
61 65
55 3
13 7
59 18
49 5
66 9
8 52
57 65
11 20
20 68
22 45
28 68
20 28
1 25
20 39
69 8
39 41
58 46
35 50
14 44
62 30
48 69
62 46
27 63
1 19
15 36
43 6
50 21
20 66
53 59
29 46
66 14
68 28
22 39
68 59
6 10
7 54
14 9
51 64
41 69
39 54
6 21
38 61
47 1
14 40
38 69
11 1
10 57
43 11
45 61
55 17
1 34
3 54
61 4
20 17
5 43
59 30
32 53
34 4
20 25
66 46
20 2
61 18
6 47
49 50
47 7
14 41
62 44
9 65
3 47
9 4
4 29
50 12
20 55
58 11
62 68
49 25
14 61
52 13
30 55
25 57
68 35
55 25
68 6
68 24
58 13
1 36
15 6
29 25
50 1
16 22
59 65
32 17
68 45
62 1
25 27
59 2
55 27
11 19
29 65
24 8
30 18
6 2
63 59
45 17
45 28
4 16
28 20
61 36
32 4
57 11
59 66
20 35
50 29
64 7
6 62
46 25
58 35
2 19
1 51
61 32
20 15
32 58
64 68
41 11
10 3
38 7
35 14
4 7
51 55
43 49
47 23
6 25
8 4
39 61
49 29
55 62
58 53
9 8
64 65
18 22
14 4
62 54
35 32
49 27
51 65
26 51
16 41
20 61
44 20
23 52
62 18
47 55
13 61
61 68
5 59
61 60
2 32
12 69
20 55
46 65
47 2
27 69
48 66
39 9
7 69
1 50
63 54
39 5
18 21
34 28
11 4
69 3
58 42
69 3
35 49
16 28
51 34
21 32
14 6
8 29
18 26
20 3
29 36
66 17
20 57
11 25
17 4
68 39
39 46
57 54
50 32
1 32
66 53
17 10
4 60
48 14
68 13
60 63
4 20
11 40
7 62
32 6
51 32
32 8
68 11
68 17
22 4
8 1
1 68
11 62
52 50
43 6
66 14
6 17
55 65
2 53
21 61
7 29
29 16
59 30
17 4
58 35
58 14
32 66
15 65
55 57
51 25
52 25
49 16
9 66
14 6
7 11
60 7
10 62
36 60
49 3
49 14
36 17
16 35
29 49
13 43
6 49
57 6
56 24
22 41
4 10
68 34
55 18
57 67
3 34
2 65
1 14
47 24
58 20
61 3
18 17
21 22
1 35
19 4
43 41
41 14
15 32
25 62
39 44
52 20
17 40
60 35
57 63
29 51
24 14
22 57
43 69
56 35
32 68
18 65
56 27
14 22
6 41
30 66
55 9
2 56
29 56
68 20
19 39
5 29
1 54
50 25
8 51
47 52
51 43
65 30
22 35
39 49
20 29
59 4
7 51
9 28
10 50
63 24
42 66
8 17
5 55
48 20
25 26
30 5
66 8
39 42
63 49
65 52
11 27
50 32
70 30
14 2
57 3
49 65
19 69
35 25
32 20
57 69
21 29
18 20
34 11
69 68
65 66
9 63
61 8
59 18
61 47
22 59
47 52
35 43
32 54
28 21
66 22
29 39
27 9
1 28
62 35
47 18
65 22
44 47
62 50
13 51
13 18
19 29
17 43
18 32
57 36
64 18
25 3
13 55
54 46
36 68
62 23
25 19
61 35
35 51
38 47
63 17
20 2
3 44
29 57
30 27
68 59
34 18
14 39
59 64
36 28
54 9
51 45
52 29
63 55
4 47
25 55
36 23
25 62
59 29
39 47
43 56
49 53
10 69
2 55
4 32
30 69
41 54
39 50
14 50
55 65
61 9
7 63
22 55
28 46
14 63
65 4
18 65
65 17
11 1
56 23
17 9
61 10
65 61
65 42
15 63
16 11
4 52
39 62
1 65
56 9
59 69
6 20
14 57
3 35
28 14
12 9
68 25
41 32
16 1
54 43
39 59
57 21
13 59
19 20
13 54
30 32
32 12
2 29
39 35
35 66
50 58
57 35
11 22
25 58
42 30
68 8
6 32
54 56
2 62
20 50
28 57
63 57
51 52
8 49
22 32
36 16
8 41
63 39
61 43
30 10
9 28
35 59
28 18
7 6
59 9
55 63
62 35
4 2
6 37
39 22
53 6
52 30
1 43
53 56
61 28
56 1
39 27
62 53
35 18
35 9
18 54
25 69
63 12
69 20
54 36
34 65
32 60
4 55
20 41
66 55
57 4
41 23
17 46
6 7
8 28
26 1
3 23
49 10
61 1
1 54
30 26
6 20
22 25
41 35
32 7
43 44
63 21
27 59
26 66
4 46
52 28
9 20
49 65
27 57
66 32
40 36
14 2
67 68
22 59
55 41
17 1
41 1
49 58
49 54
14 42
14 18
57 29
4 51
61 69
57 32
65 54
29 65
52 68
18 44
42 55
32 62
59 2
24 51
43 12
58 57
12 54
52 20
6 19
9 18
23 65
52 54
1 55
56 55
34 55
39 4
55 8
29 22
50 6
37 1
58 43
38 35
6 36
14 17
4 50
61 2
24 22
66 25
61 35
4 69
51 4
9 34
36 69
25 65
13 2
31 3
6 25
58 34
47 11
49 4
68 66
10 55
34 8
7 1
60 69
65 39
36 50
36 48
54 20
20 4
16 65
31 52
56 4
52 69
63 42
54 59
30 12
9 21
32 14
25 48
45 58
64 32
32 27
57 1
4 64
25 2
61 1
31 69
38 55
68 29
29 23
62 30
11 3
32 29
33 36
43 28
14 45
1 33
1 69
11 9
39 36
1 46
49 54
25 14
4 43
50 13
22 54
45 55
59 3
6 52
58 38
62 18
66 69
35 31
22 1
52 60
16 63
46 35
62 49
45 62
25 56
1 23
9 17
51 49
10 54
1 5
10 56
60 1
60 11
45 63
22 20
31 1
8 41
25 38
22 57
54 22
20 26
49 2
3 32
17 18
32 67
35 13
2 42
58 30
16 58
9 52
39 54
28 51
11 43
7 30
55 40
69 45
57 53
20 50
58 28
36 55
65 52
16 9
11 44
52 39
43 36
32 42
30 54
25 9
8 30
20 63
3 28
50 34
59 28
41 66
3 14
70 1
17 24
56 32
70 32
30 17
4 25
11 8
55 14
65 43
38 39
2 54
23 61
2 69
3 61
61 51
25 40
30 1
54 65
18 57
30 29
13 4
39 57
30 14
7 4
54 25
66 50
29 2
1 29
32 52
6 52
43 55
21 4
29 62
32 47
27 66
51 18
32 9
9 49
25 11
43 55
3 27
54 21
62 51
32 2
68 25
13 39
55 2
2 64
65 12
44 1
25 47
51 63
20 45
62 61
39 2
65 6
7 23
21 55
63 43
11 6
28 14
66 39
68 18
59 28
25 5
34 32
42 8
56 45
66 64
55 6
43 42
7 27
56 36
58 36
34 22
50 55
11 66
68 47
3 36
26 32
23 39
41 35
41 18
65 45
41 30
16 47
52 11
62 59
61 22
30 63
2 57
2 67
6 47
59 14
6 65
39 3
26 49
50 65
65 41
39 8
29 47
66 69
1 65
60 18
44 54
39 21
30 36
66 10
69 62
57 20
3 14
67 7
60 58
45 19
11 22
25 59
49 51
47 43
60 14
59 20
47 61
17 29
34 30
14 43
24 39
16 68
49 55
54 34
16 66
19 14
41 28
70 25
50 58
53 18
61 66
24 6
3 29
43 52
22 28
43 8
61 20
24 32
50 43
39 12
1 9
31 49
51 61
51 6
57 2
17 47
35 17
43 4
38 14
6 23
50 47
47 22
10 41
56 30
1 2
2 34
55 16
69 39
43 68
51 41
49 35
39 55
58 65
47 28
51 52
36 51
58 65
66 29
66 52
58 32
49 47
39 68
66 12
39 63
14 49
25 57
29 10
62 38
6 8
28 38
57 30
6 30
43 38
59 50
17 54
17 3
25 3
41 25
68 65
65 41
39 29
7 47
68 49
43 24
22 8
20 56
66 20
68 11
25 28
64 20
45 29
21 1
48 1
2 6
53 51
47 17
56 29
15 25
61 29
32 8
7 14
2 61
25 54
1 59
32 7
3 47
39 56
52 32
55 59
68 69
2 8
20 43
50 11
7 1
58 17
44 36
68 7
41 18
1 59
40 20
17 21
7 46
64 49
44 50
30 19
64 30
12 36
46 61
14 22
35 68
62 24
18 25
66 34
23 43
25 12
49 20
63 69
17 55
2 66
49 18
59 11
4 35
8 18
56 36
47 1
44 8
9 25
7 35
9 15
57 4
17 62
57 47
36 38
57 38
3 16
68 17
69 21
65 32
41 68
35 3
38 20
30 17
14 68
14 43
41 28
50 43
6 56
61 69
61 50
14 59
15 30
16 69
12 62
66 44
43 47
41 58
39 65
17 33
60 65
59 50
8 25
19 5
61 63
18 45
47 56
22 69
41 29
44 65
57 45
18 50
69 49
66 28
69 40
27 58
15 51
2 1
8 43
61 25
57 30
49 63
68 8
23 4
32 69
43 27
35 15
60 62
6 59
1 9
51 20
43 18
18 16
48 39
34 25
58 20
62 9
16 20
52 62
59 38
15 18
23 66
61 27
66 5
65 43
16 54
19 68
22 66
11 39
32 56
56 70
56 35
18 24
54 5
18 2
48 6
52 55
65 69
40 63
42 68
41 24
55 66
68 7
65 28
11 36
25 7
1 62
65 57
29 68
3 52
27 41
1 27
2 11
2 25
56 11
25 7
47 19
51 31
22 53
54 61
38 65
13 22
52 29
35 50
40 35
47 10
35 1
30 63
22 62
65 4
52 46
11 63
65 63
29 14
19 54
18 35
4 41
20 25
19 1
22 52
39 2
35 9
32 51
68 57
65 10
17 13
41 31
61 11
51 3
52 45
22 36
61 30
39 28
13 1
65 30
30 44
51 41
35 12
7 53
63 25
39 30
4 12
20 41
6 69
8 50
13 69
23 59
11 65
42 20
4 59
22 6
55 39
41 46
39 6
14 7
2 63
52 16
35 65
28 17
6 13
53 63
14 1
45 59
55 23
9 55
4 49
57 16
59 40
52 54
57 62
24 49
57 51
22 44
46 20
20 35
10 59
35 66
7 2
24 25
1 57
55 32
9 49
29 61
66 43
53 50
32 46
52 4
61 25
10 20
7 9
36 35
14 63
54 4
54 14
39 6
25 23
47 54
68 58
44 6
60 54
68 18
5 4
51 17
16 59
17 6
43 9
24 20
35 8
63 5
1 25
18 51
55 18
63 10
32 30
61 55
60 47
51 29
50 45
55 48
34 36
66 45
30 8
12 14
41 50
68 14
28 48
2 12
30 35
69 42
55 19
16 62
43 18
4 28
35 34
57 32
31 47
61 16
35 36
2 27
39 69
1 68
22 12
62 43
52 63
51 12
57 9
44 32
22 20
3 13
28 32
54 51
59 32
62 2
20 30
27 52
7 28
46 43
61 22
28 30
20 60
6 55
29 63
2 35
10 8
19 43
30 20
69 49
20 39
14 30
28 43
14 10
11 65
22 47
54 32
18 14
47 45
68 66
4 41
68 32
29 59
18 8
54 43
47 30
57 47
29 41
21 7
36 19
20 54
65 24
38 66
18 69
2 45
17 20
17 53
67 30
43 20
22 7
69 17
18 12
7 24
61 58
60 17
60 49
52 28
15 55
9 61
2 28
52 9
2 16
64 57
47 68
16 50
68 5
32 9
69 34
69 52
68 27
3 30
30 41
65 51
65 9
62 61
37 14
44 4
58 69
68 19
29 14
47 54
59 69
41 62
29 30
68 55
69 67
66 28
5 17
2 19
49 28
61 39
36 67
17 27
35 22
28 63
61 5
2 49
52 22
51 14
63 35
48 35
68 49
50 65
10 22
32 48
56 68
30 69
35 8
58 52
60 39
32 47
57 39
47 35
24 4
25 4
48 59
11 39
62 4
46 47
30 19
23 49
44 29
55 61
51 39
32 29
6 60
61 24
66 30
49 66
47 59
32 55
32 41
69 15
18 11
55 12
23 18
68 61
7 51
34 47
23 35
23 20
47 11
63 48
58 43
42 36
29 34
19 20
3 49
4 9
57 68
6 16
48 18
29 13
14 61
2 65
8 12
6 8
69 1
24 2
47 59
45 6
49 32
13 66
18 57
30 55
8 45
42 51
14 57
2 47
18 39
32 11
2 63
60 55
9 47
27 22
30 25
36 29
9 47
58 54
52 38
50 8
24 9
35 19
51 16
14 16
24 30
11 10
51 3
11 9
30 47
9 6
32 23
53 20
65 40
55 7
6 29
65 70
39 28
20 29
47 12
43 62
19 35
6 61
68 4
14 35
43 52
4 39
54 57
30 35
28 50
68 43
49 43
9 57
6 29
28 32
65 69
49 25
32 19
36 45
20 12
62 58
55 51