40 8
35 34 28 37 37 36 31 39 40 37 36 27 22 37 22 24 23 35 24 37 20 27 37 38 36 25 20 37 36 32 36 36 29 20 37 36 40 20 37 29
50 36 25 42 23 45 33 49
367
26 34
18 13
23 9
14 12
34 9
35 37
17 28
34 40
40 39
28 30
7 5
11 12
40 7
15 22
35 9
2 13
15 13
19 11
7 1
40 15
35 6
13 29
9 30
20 12
34 2
13 8
22 18
27 15
28 23
23 11
28 13
12 9
23 34
7 23
11 7
31 9
15 9
35 9
11 3
34 7
40 8
5 40
3 9
7 15
31 13
40 30
25 28
9 21
9 19
15 18
15 38
13 39
18 21
33 35
33 28
34 19
5 35
18 20
12 40
5 12
33 40
28 9
18 40
25 34
39 11
28 19
4 9
36 12
18 23
31 12
28 13
37 40
28 24
18 2
34 6
18 25
15 35
29 40
13 25
35 13
38 28
23 18
4 28
38 9
35 25
25 7
18 9
7 23
24 15
28 5
39 23
23 30
3 13
9 39
13 40
11 35
34 35
18 10
5 23
40 28
37 28
15 40
23 40
40 11
12 2
19 35
23 27
28 10
27 9
3 28
12 15
15 6
15 18
20 13
10 7
13 22
40 31
28 6
25 12
11 26
11 31
9 28
39 15
38 11
11 7
40 22
4 15
14 18
32 15
28 1
38 35
18 35
14 11
13 7
28 40
9 11
11 28
26 18
4 18
40 7
18 28
28 12
9 11
23 13
3 18
20 28
34 9
35 34
7 32
31 7
18 11
14 7
35 24
12 37
28 15
28 22
37 18
18 30
6 18
17 11
23 26
6 40
28 2
40 26
7 19
9 18
34 28
23 31
20 11
12 21
13 14
18 7
38 23
20 13
15 34
21 23
12 17
1 11
12 39
7 17
36 15
2 7
35 26
31 15
35 2
13 34
33 23
23 17
28 36
34 28
28 31
17 15
18 28
40 11
35 30
11 25
10 35
2 11
12 7
22 34
36 40
33 11
7 6
40 34
7 20
23 40
18 16
38 40
26 13
12 1
40 21
35 1
25 40
20 11
18 12
35 40
3 15
22 9
34 37
1 9
7 4
36 13
4 23
2 23
27 40
10 40
30 34
22 35
27 13
28 26
34 4
33 7
23 11
38 13
17 40
21 15
25 9
5 9
13 23
14 35
11 37
12 27
9 10
39 18
16 28
24 34
13 37
15 7
11 6
40 9
21 11
7 9
6 13
18 35
12 34
35 40
8 11
9 20
13 32
18 27
30 7
18 11
23 28
5 18
18 24
24 9
7 34
9 7
12 32
11 35
36 9
12 35
23 35
35 3
12 33
34 3
23 12
11 27
26 15
12 11
7 8
28 20
23 37
16 12
4 35
3 23
17 13
38 7
13 19
9 40
9 32
23 34
40 20
31 35
40 32
13 18
9 16
7 22
15 33
6 12
28 15
13 33
15 16
23 1
36 11
24 40
39 34
35 20
34 20
34 21
15 35
40 18
19 18
37 15
17 18
17 34
15 5
28 8
40 4
40 3
17 35
9 13
15 9
28 14
18 7
28 11
20 7
2 9
22 23
1 15
16 7
13 21
11 22
34 5
1 40
12 30
7 26
12 38
12 24
7 37
12 4
11 34
15 30
11 15
15 34
10 15
27 34
26 12
11 32
35 32
7 3
28 32
7 13
9 33
11 15
23 32
12 10
11 34
7 24
20 18
15 2
9 13
1 13
9 23
7 36
29 11
23 6