20 4
22 38 22 37 26 20 31 24 22 20 29 21 32 24 40 34 29 26 27 40
27 28 33 45
153
11 15
16 20
19 5
5 17
13 4
11 18
15 11
9 10
6 18
4 7
13 11
19 16
5 8
20 17
12 15
18 19
3 11
2 6
18 9
10 19
6 10
3 18
8 19
17 6
14 9
9 1
18 10
4 15
18 11
3 12
5 18
8 9
2 17
1 20
18 10
14 18
2 1
13 9
10 17
1 15
19 18
4 20
9 10
5 19
3 4
12 11
7 15
14 3
2 9
15 17
19 2
20 14
12 2
18 17
15 4
2 3
6 1
9 4
12 5
4 18
13 19
18 15
5 9
7 19
15 10
20 18
8 6
3 20
1 5
17 19
9 6
2 9
15 5
19 9
11 20
5 2
13 2
5 4
10 14
9 19
5 7
3 19
5 15
15 8
13 6
9 20
9 15
4 19
2 15
5 10
19 14
6 14
18 4
14 5
15 9
11 5
5 2
3 5
4 5
12 19
15 20
9 18
2 20
12 4
10 8
4 10
9 11
3 2
1 18
16 5
15 2
12 9
4 9
20 7
15 13
15 18
10 15
13 3
1 19
6 11
10 2
3 15
10 1
2 14
11 19
4 6
18 13
1 3
10 13
8 20
7 6
15 6
3 15
18 12
18 5
3 10
6 3
10 12
18 3
8 4
16 18
20 12
17 4
11 2
2 4
11 9
3 4
16 4
3 8
19 3
4 10
11 8
14 15